# num_agents: 25
# min_agents_per_group: 3
# max_agents_per_group: 4
group_count,group_payoff
3,80.46021146356848
3,80.46021146356848
3,81.27357654762369
3,81.57075098643092
5,80.1299154585913
5,79.31155781779123
5,79.31155781779123
5,81.3219795383978
5,81.3219795383978
5,76.6908976364525
5,76.6908976364525
5,82.64701027518777
5,81.71883306285005
5,81.71883306285005
5,80.86628983869501
5,80.86628983869501
5,79.28849817699
5,76.42471348378278
5,78.79367533682733
5,79.89958792763954
5,82.81669810738464
5,82.81669810738464
5,81.55515602546059
5,82.18323550794639
5,80.63064324584896
5,80.63064324584896
5,77.29444071613567
5,79.59357864100538
5,79.59357864100538
5,78.93256778097721
5,85.40079388970484
5,79.47302248077096
5,79.47302248077096
5,80.27194209460302
5,80.27194209460302
5,82.48123545466056
5,82.48123545466056
5,78.24262675171344
5,76.51671612766258
5,78.42139224369019
5,78.42139224369019
5,82.0107937149327
5,82.0107937149327
5,78.41583408711854
5,80.673934826056
5,80.673934826056
5,80.51873851818281
5,76.53798818391851
5,76.53798818391851
5,81.08968652708833
5,80.79742964697297
5,80.79742964697297
5,81.5791941430006
5,81.5791941430006
5,83.03690157495735
5,76.83115745896151
5,78.55047966079198
5,78.55047966079198
5,82.36591313012164
5,84.17815905416428
5,82.92523953012181
5,79.4538950793861
5,79.4538950793861
5,79.52784654897953
5,79.52784654897953
5,81.14788843359267
5,77.45873723067885
5,80.50297553102914
5,78.59691256689865
5,80.93060903816641
5,80.93060903816641
5,81.18687885510877
5,81.18687885510877
5,81.17059571451634
5,81.17059571451634
5,79.01385248721347
5,82.89855688083411
5,79.98826702653972
5,79.98826702653972
5,77.46675311705732
5,77.8216010775219
5,83.05509336043488
5,83.05509336043488
5,79.68785628885882
5,80.12544860488904
5,80.12544860488904
5,79.0942974865632
5,79.72897426495493
5,76.98646580975289
5,76.98646580975289
5,81.74994522444466
5,83.00177962618403
5,82.17809246402176
5,80.51403836539833
5,80.51403836539833
5,83.95669082890296
5,76.59509666641821
5,76.59509666641821
5,82.51963758936385
5,81.41752477725758
# num_agents: 25
# min_agents_per_group: 3
# max_agents_per_group: 4
group_count,group_payoff
3,84.91400516771564
3,84.91400516771564
3,81.50071835617126
4,78.96942059095234
4,83.82792481891582
4,79.28900621931932
4,79.28900621931932
4,80.1263111604168
4,75.89372144896124
4,80.5649706232332
4,81.45100414258832
4,81.45100414258832
4,75.540088806649
4,77.41132316978717
4,80.62279717307418
4,80.62279717307418
4,80.74199657729925
4,82.03408626985845
4,81.38600684151479
4,77.50846542948898
4,77.22735498218016
4,77.22735498218016
4,79.07008126480603
4,79.07008126480603
4,84.56731384432995
4,81.28766913235937
4,78.5044676383438
4,80.28259639265536
4,80.43797317003957
4,76.24324229708076
4,84.06510966878008
4,84.06510966878008
4,74.90496074801626
4,76.41643488513175
4,79.45860355849712
4,79.45860355849712
4,75.38088181587581
4,78.57044656773812
4,78.57044656773812
4,86.24489527858566
4,79.52879778920045
4,74.42304191337318
4,82.02724708603495
4,77.36180506893018
4,76.35793739740147
4,76.35793739740147
4,78.59065895724454
4,82.34065324410955
4,85.50634642737242
4,78.73713778099537
4,80.67802272562659
4,77.73121889759183
4,77.73121889759183
4,81.99246840123278
4,81.99246840123278
4,80.06925293937287
4,77.16079067763904
4,79.40222642598145
4,79.8476704991904
4,79.8476704991904
4,80.30860330493586
4,85.71351117658988
4,76.94979188553394
4,85.79401611977066
4,78.82286240566
4,79.86044085601333
4,80.53899927962559
4,81.24895365709243
4,78.33791345493107
4,81.1666264993576
4,80.0688764155007
4,76.68366432285471
4,76.68366432285471
4,82.73391011984762
4,84.64210568019969
4,84.64210568019969
4,76.36420906046216
4,82.48989559448124
4,75.48668512355252
4,79.45726858436488
4,79.31657748385122
4,79.31657748385122
4,79.28163381029242
4,77.50127934397443
4,79.04814908234196
4,80.05811264681002
4,80.05811264681002
4,81.4217821404784
4,81.4217821404784
4,85.08778267195316
4,80.41785181871302
4,81.36591914548674
4,71.79839890770174
4,81.48288711652087
4,81.82865326997889
4,81.82865326997889
4,77.91765390982187
4,81.30677266079489
4,78.10291037368971
4,82.26739976522961
# num_agents: 25
# min_agents_per_group: 3
# max_agents_per_group: 4
group_count,group_payoff
3,87.6976262328076
3,87.6976262328076
3,81.64268198651348
4,78.5338544164002
4,85.3526598527808
4,78.85265879233286
4,78.85265879233286
4,84.33643455842589
4,83.40321624179865
4,83.40321624179865
4,81.01713664417017
4,92.02715337331512
4,86.39210641640736
4,86.39210641640736
4,77.82188293908419
4,90.59837046288631
4,79.31018429305892
4,85.03506014730212
4,75.62924707273918
4,75.62924707273918
4,83.99173448648848
4,83.69196555155663
4,83.69196555155663
4,81.58589726114648
4,79.99858383295962
4,79.99858383295962
4,79.6009398591491
4,79.76998522466528
4,79.76998522466528
4,73.72495422543798
4,73.72495422543798
4,78.6031217472927
4,77.86361236447327
4,81.70126500514746
4,73.18250318545203
4,72.7713493177469
4,72.7713493177469
4,86.01942556273153
4,83.42343959130892
4,83.42343959130892
4,79.901342677107
4,79.901342677107
4,87.0121157916589
4,89.52797033128152
4,78.65784190411547
4,79.12952027624634
4,79.12952027624634
4,74.75093667471934
4,74.75093667471934
4,82.09134962625193
4,83.21264797166472
4,80.16256455325153
4,80.29834333908241
4,85.70130593290112
4,85.70130593290112
4,85.2829802099498
4,85.2829802099498
4,78.23907238357395
4,86.67902179994951
4,81.33396382395125
4,81.25875691025462
4,81.25875691025462
4,79.46285974546716
4,79.46285974546716
4,70.35085056152745
4,78.14677556168982
4,78.14677556168982
4,82.80895986013788
4,70.74789181793686
3,75.63466490192988
3,75.63466490192988
3,76.59912652307813
3,69.60523710388046
3,69.60523710388046
3,70.72047433031898
4,81.92061136710397
4,81.92061136710397
4,78.00233557201611
4,80.56414932277526
4,80.56414932277526
4,79.26039235415435
4,81.17707504998532
4,81.17707504998532
4,75.74080868045833
4,75.74080868045833
4,84.60274056244528
4,73.77261168641772
4,79.26810206205836
4,80.91035896056772
4,84.89154015427862
4,84.89154015427862
4,79.42905688619804
4,79.42905688619804
4,73.24286831660542
4,73.24286831660542
3,79.93244343711426
3,71.67326804196607
3,71.67326804196607
4,74.31158652845825
4,84.68404774230235
# num_agents: 25
# min_agents_per_group: 3
# max_agents_per_group: 4
group_count,group_payoff
3,90.48124729789956
3,90.48124729789956
3,81.7846456168557
5,75.84753370196489
5,75.84753370196489
5,84.24707749219601
5,75.24109951997814
5,80.42912711338663
5,80.42912711338663
5,72.28986348449537
5,75.39077216802994
5,79.14006355516648
5,79.14006355516648
5,81.304452792367
5,81.304452792367
5,74.91012709910649
5,78.84827159220252
5,82.43301720734375
5,82.43301720734375
5,82.13047136015847
5,81.90138487672388
5,81.90138487672388
5,86.4873800102837
5,85.56454222905228
5,85.56454222905228
4,73.87758907560503
4,71.77563644281557
4,76.57941668219172
4,76.57941668219172
4,72.6019954874889
4,72.6019954874889
4,87.35694760875451
4,70.40681634283118
4,76.59995366303971
4,76.59995366303971
4,76.85354686892319
4,81.36644672941897
4,81.36644672941897
4,75.1939576705276
4,70.56390768301148
4,70.56390768301148
4,83.82620370135764
4,80.62853360153747
4,80.24857858469849
4,80.24857858469849
4,75.7925008588424
4,82.31218488355525
4,72.01866052006483
4,73.36974933056362
4,78.7472772237002
4,78.7472772237002
4,82.23608214794191
4,69.4382146533529
4,69.4382146533529
4,68.55022223197827
4,83.0456907881533
4,71.68414580463227
4,78.41076170895427
4,68.31162496501787
4,68.31162496501787
3,76.43649583280917
3,69.30109590417555
4,71.72828853525132
4,71.72828853525132
4,75.6735496752621
4,75.6735496752621
4,87.95333399148186
4,78.3981760893361
4,74.26873672086522
4,74.26873672086522
4,82.91950485842472
4,82.91950485842472
4,72.5492464920989
4,84.19030849563642
4,84.19030849563642
4,73.35737358510603
4,73.35737358510603
3,71.80832640282976
3,71.80832640282976
4,75.3567233930876
4,75.3567233930876
4,74.92614982173421
4,76.74397875534738
4,77.46345921317946
4,78.11549730239052
4,78.43339020280034
4,78.43339020280034
4,71.7161200827059
4,80.27450061291214
4,62.832021597616006
4,62.832021597616006
4,72.30991278979447
4,81.62074359217962
4,80.1941879081931
4,77.17257852175973
4,77.17257852175973
4,80.91738369282264
4,85.83391912549084
4,78.55338804451961
4,78.55338804451961
# num_agents: 25
# min_agents_per_group: 3
# max_agents_per_group: 4
group_count,group_payoff
3,96.04848942808347
3,96.04848942808347
3,82.06857287754016
5,75.29366394443542
5,75.29366394443542
5,89.39204861892514
5,89.39204861892514
5,77.56053672513426
5,71.82576715918246
5,71.82576715918246
5,70.6424104262729
5,77.15743801793518
5,80.30572072606661
5,75.3196771328416
5,82.4520657134627
5,82.4520657134627
5,77.01952386272282
5,79.80321040276854
5,79.80321040276854
5,87.04595243530639
5,87.04595243530639
5,85.66488803103567
5,85.66488803103567
5,75.33088492023776
5,75.33088492023776
5,75.40076555234666
5,80.34515191675663
5,83.47180228873266
5,83.47180228873266
5,77.39690619289365
5,77.39690619289365
5,83.90401699561654
5,78.03327916790259
5,72.90891501471667
5,72.90891501471667
4,89.11100600350407
4,89.11100600350407
4,80.2452729662407
4,73.02069363889859
4,73.45823356223772
4,91.58008877653863
4,82.7524589771139
4,82.7524589771139
4,82.60895774389158
4,79.35341530357071
4,73.85490104715143
4,71.94386704725368
4,71.94386704725368
4,68.9686649000116
4,68.74569676573095
3,93.12261230391357
3,93.12261230391357
4,65.2393854718493
4,65.2393854718493
4,73.00868176194145
4,78.68485943193218
4,79.84864993117274
4,90.47574558527401
4,90.47574558527401
4,88.5415752615795
4,76.65982382628195
4,76.65982382628195
4,87.26978692988806
4,71.59237385532613
4,71.59237385532613
4,77.13129515936446
4,60.02452026631156
4,60.02452026631156
2,59.32789149350275
2,87.38663015405943
3,78.45125389293082
3,78.45125389293082
3,96.17358681783213
3,96.17358681783213
3,69.92506223788769
4,94.28230740169487
4,81.52390367376225
4,97.69434953068125
4,73.46639620694899
4,73.46639620694899
4,90.70691312755858
4,90.70691312755858
4,88.71473122320982
4,79.34502295880489
4,79.34502295880489
4,84.81949562253254
4,73.39872124513059
4,73.39872124513059
4,81.21134962652435
3,87.14355196137261
3,78.48914973233886
3,78.48914973233886
3,78.35881051613421
4,75.57552169230794
4,95.24951372189032
4,71.44647552109834
4,88.34388932852514
4,88.34388932852514
4,75.15311172603778
3,84.14244045950967
# num_agents: 25
# min_agents_per_group: 3
# max_agents_per_group: 4
group_count,group_payoff
3,101.6157315582674
3,101.6157315582674
3,82.35250013822461
4,67.54104004005367
4,92.31720644305686
4,92.31720644305686
4,86.96783769356739
4,81.19364720418432
4,72.30098752865172
4,72.30098752865172
4,83.64533400315052
4,83.64533400315052
3,79.6361113402256
3,79.6361113402256
3,82.70249480299476
3,82.70249480299476
4,79.91155669944932
4,77.47777481668898
4,77.47777481668898
4,72.62062909844613
3,88.57149330756783
3,88.57149330756783
4,72.33686278300381
4,72.33686278300381
4,86.63987642827672
4,75.05232626655516
4,83.52055852730655
4,78.69138817126104
4,78.69138817126104
4,80.20514108648999
4,83.74147485805932
4,83.74147485805932
4,60.206390210941926
3,59.46666854704944
2,69.85323516212347
2,69.85323516212347
2,67.72083814932624
2,76.67728951682022
2,76.67728951682022
2,97.16362488196005
2,69.33945764020504
2,63.24711300355127
2,84.06130287740777
3,82.21869234333428
3,81.92903359457692
3,79.20247973628064
3,82.2819256755767
3,82.2819256755767
3,66.93957574990905
3,66.93957574990905
3,78.91958303323815
3,72.13399125717832
3,72.13399125717832
3,77.640752957891
3,71.1163176782457
3,71.1163176782457
2,49.88078704445072
2,49.88078704445072
1,108.12022883474042
3,96.21360989188588
3,96.21360989188588
5,90.43756374365921
5,103.53814043296168
5,103.53814043296168
5,83.8957494629912
5,85.23747796348567
5,63.78045942341224
5,82.40291160033348
5,88.92563647780756
5,79.75632910910744
5,79.75632910910744
5,98.183093237895
5,98.183093237895
5,75.23573436750057
5,69.17559825293688
5,69.17559825293688
3,54.81761768029361
3,54.81761768029361
3,81.55136779951758
3,66.94493911272892
3,60.19247205558658
3,72.57266901474135
3,60.746913642561104
3,60.746913642561104
4,81.91074226527684
4,79.94812293132496
4,76.48184724110665
4,93.20231710041014
4,77.772784195139
4,77.772784195139
4,69.85586881621968
4,69.85586881621968
4,76.00291420232436
4,79.1437536447228
4,76.28900475777229
4,76.28900475777229
4,75.36130398940112
4,71.03033495774203
4,61.32903468732812
3,65.98845094162739
# num_agents: 25
# min_agents_per_group: 3
# max_agents_per_group: 4
group_count,group_payoff
3,86.90253319642281
3,86.90253319642281
3,87.86772958320064
3,86.65129077285395
3,86.65129077285395
3,87.22781997727077
3,83.68574889453454
4,88.37231795225232
4,88.37231795225232
4,89.72823469908582
4,89.72823469908582
4,86.28638555583339
4,87.59750627094893
4,87.67698694439332
4,87.72411160373062
4,88.8517872332652
4,86.98277545856284
4,82.21124103238124
4,82.21124103238124
4,89.91095784051866
4,88.33256158254059
4,82.92593552287178
4,82.92593552287178
4,86.25539343330237
4,84.24393512271551
4,80.07702166018338
4,84.98648920826648
4,89.14378422310094
4,89.14378422310094
4,87.94768747431952
4,83.38239969341139
4,83.38239969341139
4,87.09756513504576
4,92.20090715895064
4,87.06685777588761
4,87.60836788081525
4,87.60836788081525
4,87.48640621513121
4,87.48640621513121
4,85.31726008422655
4,81.75122264742647
4,81.75122264742647
4,86.35767911542447
4,84.92963313839887
4,84.92963313839887
4,87.56136881248042
4,82.7600934224976
4,85.67975036682475
4,85.67975036682475
4,85.41115566296797
4,90.24407997461493
4,87.29622548449308
4,87.29622548449308
4,85.98017715437007
4,85.68745652708547
4,85.68745652708547
4,87.10477746108961
4,91.463798483028
4,85.25955044197494
4,87.86936053542773
4,87.70592805047929
4,89.29356128928319
4,89.29356128928319
4,88.8243448921364
4,88.8243448921364
4,82.74753361289432
4,86.92570652060688
4,86.36334130921277
4,85.30480724356411
4,94.53107994977637
4,94.53107994977637
4,87.7335491080041
4,85.60076325213605
4,85.60076325213605
4,87.39767218841138
4,87.39767218841138
4,91.00366467073329
4,91.00366467073329
4,85.3285657647566
4,80.97076141564823
4,86.77367674206558
4,86.77367674206558
4,86.1378712222972
4,86.1378712222972
4,88.9222233475786
4,88.9222233475786
4,84.23251066481045
4,84.23251066481045
4,85.52140484172985
4,85.52140484172985
4,85.48215372729011
4,87.75520496298638
4,84.24010196706124
4,84.24010196706124
4,84.03080947026706
4,91.36947161830102
4,82.21160395371582
4,82.21160395371582
4,88.50718729196456
4,87.33741967713435
# num_agents: 25
# min_agents_per_group: 3
# max_agents_per_group: 4
group_count,group_payoff
3,91.35632690056995
3,91.35632690056995
3,88.0948713917482
5,84.66700539563057
5,84.66700539563057
5,89.69714956517714
5,89.69714956517714
5,94.30845116533135
5,85.05644581555867
5,93.02878984058323
5,84.35412722747739
5,84.27605716382601
5,88.18541793518088
5,88.84435422654037
5,88.84435422654037
5,92.22183005611521
5,86.72137578267828
5,89.61491369267395
5,85.98595091310547
5,82.66438002096965
5,86.80051454247186
5,86.80051454247186
5,87.04560220933784
5,85.02713845254627
5,81.73233209880016
5,81.73233209880016
5,89.67450248342418
5,89.67450248342418
5,92.24655206757363
5,92.24655206757363
5,82.62879688677948
5,88.33022573301874
5,85.71222116900836
5,87.87040615708884
5,80.56660593087331
5,86.133239315001
5,86.133239315001
5,83.75493204895955
5,85.8887406081756
5,85.8887406081756
5,83.11502523291895
5,81.1156312192186
5,86.5956905743679
5,86.5956905743679
5,86.46430560895776
5,92.2570266759257
5,83.7013429758217
5,88.51100835343404
5,88.51100835343404
5,84.21252010710388
5,84.21252010710388
5,84.80995227584846
5,84.80995227584846
5,85.58804852193298
5,85.58804852193298
5,74.9499736193341
5,84.25070565674476
5,85.20363658393596
5,85.96135973880753
5,85.96135973880753
5,87.84670753397366
5,88.10850489503359
5,82.68313027580501
5,82.68313027580501
5,95.31675640949858
5,86.77525021794945
5,84.28929129612364
5,84.28929129612364
5,84.86970268041303
5,85.48455925828078
5,85.48455925828078
5,94.72763145954346
5,94.72763145954346
5,87.70872085438526
5,93.02838455209842
5,84.86270355140174
5,87.58464935315877
5,90.97379080012364
5,86.08082641133434
5,86.08082641133434
5,81.98230586593247
5,89.08423428419907
5,82.62224944004163
5,79.37619033292698
5,79.37619033292698
5,84.08659277207164
5,84.08659277207164
5,83.74412569187453
5,86.6006178015753
5,86.6006178015753
5,87.27106184765896
5,87.41225354105153
5,85.07048063580757
5,85.07048063580757
5,86.26337696660794
5,81.6518495959171
5,88.19714978325855
5,88.19714978325855
5,87.48854474965755
5,87.62276021795356
# num_agents: 25
# min_agents_per_group: 3
# max_agents_per_group: 4
group_count,group_payoff
3,94.13994796566193
3,94.13994796566193
3,88.23683502209042
4,83.55141242509039
4,89.4790564527431
4,89.4790564527431
4,82.47634641061232
4,82.47634641061232
4,80.05469991313495
4,89.65440208953083
4,83.26675859400946
4,85.2908053071108
4,88.19549736392514
4,92.65715272672918
4,92.65715272672918
4,84.89302577756726
4,85.96279306643375
4,91.15311086270125
4,88.57128435521261
4,87.15311615663775
4,93.23052083782419
4,86.69997938873317
4,86.69997938873317
4,83.6130060969031
4,91.57355880409206
4,84.49809623447135
4,89.11255656506547
4,89.11255656506547
4,85.8762270598177
4,85.8762270598177
4,88.27978169388527
4,87.79628858411157
4,87.89583300121451
4,89.80357099410526
4,89.80357099410526
4,93.60790287826464
4,86.94500738406437
4,86.94500738406437
4,91.52288516061388
4,91.52288516061388
4,89.34075403794265
4,80.32072282194378
4,80.32072282194378
4,93.39358578753586
4,81.60306742245022
4,83.41115609863557
4,86.44333724116818
4,85.13938444184757
4,85.13938444184757
4,89.44702936092156
4,84.74840541217702
4,90.91474238086927
4,89.13985397273132
4,91.83752814653894
4,77.07414817496431
4,84.92519043095699
4,84.92519043095699
4,82.79609138980842
4,85.40037174283725
4,86.3308461136799
4,97.48564191125928
4,91.80405537752007
4,90.23067685046945
4,90.23067685046945
4,80.65625234400338
4,80.65625234400338
4,87.53247300640753
4,87.53247300640753
4,88.90488167077828
4,89.46269157411562
4,89.46269157411562
4,84.48131400429753
4,84.48131400429753
4,91.27377973977411
4,81.4922966703895
4,85.02024638545677
4,82.85387841148908
4,82.85387841148908
4,91.0241231282599
4,91.69365399069692
4,91.69365399069692
4,89.57050128125208
4,95.39932028356509
4,88.23292230576271
4,88.23292230576271
4,85.76604163354047
4,91.59645946938424
4,91.59645946938424
4,87.27499851154555
4,93.34965687051265
4,93.34965687051265
4,84.51020611098171
4,80.9584411003792
4,83.68499696834019
4,96.42304182228314
4,89.95189070167177
4,86.94560288980972
4,86.94560288980972
4,84.712645271548
4,84.712645271548
# num_agents: 25
# min_agents_per_group: 3
# max_agents_per_group: 4
group_count,group_payoff
3,96.92356903075388
3,96.92356903075388
3,88.37879865243265
3,90.32018772504482
4,91.34527088239444
4,91.34527088239444
4,99.86663643363059
4,90.44192243889721
4,86.4399913225899
4,93.00863490717681
4,88.77754938132561
4,87.30154704854783
4,89.63926799363252
4,94.4778507490634
4,94.4778507490634
4,87.30477803679445
4,76.94615412985685
4,76.94615412985685
3,87.33706885488071
3,87.33706885488071
3,76.0686962116165
2,83.19255744331277
2,80.98448611967818
2,80.98448611967818
2,88.00709258808591
2,84.63711199514398
2,84.63711199514398
2,87.99452093651686
2,77.38973427350015
2,77.1960050618579
2,96.73794288404206
2,85.4836959052
2,89.85819259575105
3,85.81892913450392
3,85.81892913450392
3,100.79273868346765
3,90.2451003992325
3,94.71199277798719
3,94.71199277798719
3,93.97150567107249
3,76.66507093530839
3,93.29942784253693
3,92.2306272022207
3,89.4665895149762
3,93.51483111514636
3,81.50621228152042
3,81.50621228152042
4,93.81157532238575
4,86.08576025692996
4,89.14096786647426
4,89.14096786647426
4,103.12427060589077
4,103.12427060589077
4,90.84383103704874
4,90.84383103704874
4,79.15919011699123
4,89.08709269015887
4,91.8989445514955
4,88.87284422579206
4,88.87284422579206
4,79.90483616859309
3,81.28953815389819
3,89.89725267482955
3,92.78120585491754
3,85.58659097831375
3,83.22760654081932
3,83.22760654081932
3,91.85558168288529
3,88.64362895957782
3,88.64362895957782
4,88.66656977201578
4,86.77910536106248
4,86.77910536106248
4,95.22973275611305
4,80.86680381662083
4,94.62864468623697
4,94.62864468623697
4,86.80166979684256
4,92.88416325068337
4,91.64851576099142
4,91.64851576099142
4,94.52548372688227
4,80.55342698310594
4,77.5674170783804
4,77.5674170783804
3,89.92574763343049
3,80.03903728949618
3,80.03903728949618
3,79.94097390040878
3,79.94097390040878
3,86.18345991701823
3,77.85310006601546
4,80.27774702418532
4,80.27774702418532
4,80.21469773387324
4,98.64266658799725
4,96.79180292312792
4,84.1575332198371
4,84.1575332198371
4,83.25310836214153
# num_agents: 25
# min_agents_per_group: 3
# max_agents_per_group: 4
group_count,group_payoff
3,102.49081116093781
3,102.49081116093781
3,88.6627259131171
3,91.51235656224831
4,103.59541189740007
4,103.59541189740007
4,78.1169146349147
4,92.34650212897157
4,93.60904699104647
4,93.60904699104647
4,87.12996446077335
4,85.05785517026528
4,85.05785517026528
4,93.29201431256026
4,95.00229387736387
4,89.92532212281937
4,89.92532212281937
4,76.81917320989933
3,79.051812673274
3,83.02246447166868
4,91.29649149586379
4,91.29649149586379
4,74.41132937478395
3,91.03731592747675
3,83.34372042480305
3,83.34372042480305
3,88.42563393788554
4,88.73481790434796
4,76.39102384189417
4,76.39102384189417
3,89.26045449185777
3,85.36713599866782
3,84.03882862436222
3,82.0820617548253
4,72.40052822461556
4,72.40052822461556
4,77.42786744235852
4,75.48628437263287
3,95.2872604827228
3,94.76428058574778
3,89.7101172832161
4,80.57347599317296
4,70.25495272250984
4,70.25495272250984
3,80.6818485240969
4,73.33637521664896
4,73.33637521664896
3,89.64264044170834
3,91.87635822565014
3,89.07590107286137
3,89.07590107286137
3,87.07233700139457
4,74.17917216154856
4,74.0236941967813
4,78.41146653291848
4,78.41146653291848
4,87.26921679970255
4,82.29013265204776
4,88.27378213329075
4,69.48694536295348
2,76.14529652218927
2,68.1605631311888
2,68.1605631311888
1,63.55108704541951
1,63.55108704541951
1,63.898890968978826
1,80.56993167694007
1,83.71003714747177
1,110.65326128948121
1,105.21836179202558
1,96.9943697479237
1,96.9943697479237
2,76.9244849721092
2,59.174955907688684
2,73.58627380381273
2,66.28587537699391
2,71.42115772028951
2,52.53979239536659
2,81.14134950833626
2,81.14134950833626
2,85.40462263458804
1,84.72910335860142
2,67.2851559510141
2,74.89830710713811
3,71.52770431141698
3,73.80186011486043
3,73.80186011486043
2,84.54859024325707
2,84.54859024325707
2,63.73252176711334
2,73.11762993900864
2,82.3726624025807
2,82.3726624025807
2,74.633865350374
2,64.783777101811
2,64.783777101811
3,83.79570761260851
3,84.15208407884397
4,93.64094702432166
4,93.39871220070238
# num_agents: 25
# min_agents_per_group: 3
# max_agents_per_group: 4
group_count,group_payoff
3,108.05805329112171
3,108.05805329112171
3,88.94665317380155
3,92.70452539945184
4,70.47429619203164
4,102.9121589755339
4,78.45458556616543
4,74.79919793913169
3,95.90576005113421
3,95.90576005113421
3,71.00088584122646
2,80.8087815332895
2,80.8087815332895
2,89.48060815929696
2,57.333279515879646
2,57.333279515879646
1,71.42460138250051
1,108.05747129323846
1,108.05747129323846
3,80.169826502099
3,80.169826502099
3,74.48178389228458
3,74.48178389228458
3,78.83281779152712
3,79.15640092452563
3,79.15640092452563
4,88.89945003662231
4,88.30237800491012
4,110.79842741805808
4,110.79842741805808
4,86.85227211387564
4,80.10560661837218
4,77.97215307579978
4,77.97215307579978
4,92.50241979652671
4,81.92549960657716
4,81.92549960657716
4,71.98300515017202
3,100.33386290757326
3,95.00752288702682
3,85.04049034416013
3,85.04049034416013
3,80.26052047713299
3,91.87631710346305
3,91.87631710346305
3,93.54489151400742
4,82.03897240595302
4,107.07016873963298
4,86.71278878924264
4,86.71278878924264
4,83.91159647102597
4,83.91159647102597
3,68.78067244138268
2,71.57905278983895
2,103.25410452991677
2,103.25410452991677
3,79.31977385361441
3,79.31977385361441
3,104.9892768484841
4,78.64091211300078
4,107.28009543660953
4,107.28009543660953
4,89.89162330255736
4,79.82268794235877
3,97.22865812853972
3,97.22865812853972
3,87.48186621636721
3,77.87821894815959
3,94.7515638625866
3,72.03619600910464
3,72.03619600910464
4,92.25793060273108
4,88.96487720531985
4,88.96487720531985
4,73.68300467928172
4,86.37232276172796
4,80.5291214639158
4,78.92933024444872
4,78.92933024444872
4,91.73961893347335
3,84.81335034782495
3,84.81335034782495
4,87.31380832590516
4,88.76022422335794
4,88.76022422335794
4,93.88653287838575
4,96.03193831781373
4,74.02818175760262
4,91.34273436358087
4,91.34273436358087
3,105.20107624379203
3,105.20107624379203
3,84.01856134880919
4,85.26113978712088
4,100.30567475831398
4,78.20792888440961
3,71.30254439010957
3,81.41674874027568
3,81.41674874027568
3,74.91720303303919
# num_agents: 25
# min_agents_per_group: 3
# max_agents_per_group: 4
group_count,group_payoff
3,75.72674751870882
3,75.72674751870882
3,76.42855530604076
3,77.36889616609155
3,77.36889616609155
3,73.94231912041417
3,78.59355732787473
3,78.59355732787473
3,73.91824605284751
3,74.06329249419318
4,74.79112266251435
4,76.96849924285175
4,76.96849924285175
4,71.93591782684379
4,73.69052156208998
4,75.02811017648237
4,72.46761019800596
4,76.11459367554924
4,76.11459367554924
4,75.75854924583523
4,75.38072557559785
4,76.17278866993551
4,76.17278866993551
4,79.1268861703282
4,79.1268861703282
4,76.9921461342571
4,73.13043968262367
4,75.60823064408048
4,78.77986976575467
4,78.77986976575467
4,74.83456008193747
4,72.40579257609558
4,75.65739739080225
4,72.68218465223227
4,74.13118464651826
4,73.1587895033713
4,73.1587895033713
4,74.06732531791272
4,72.57641731567978
4,72.57641731567978
4,74.22622233229826
4,77.33512760510371
4,76.90899571490422
4,75.3827700056073
4,75.3827700056073
4,76.84650387693776
4,72.63723045559863
4,75.73944955645553
4,75.88434810407036
4,72.23489702392291
4,72.23489702392291
4,80.38144939422217
4,76.42704199063631
4,76.42704199063631
4,76.33803671943423
4,76.33803671943423
4,74.52967239378926
4,76.0922840638747
4,76.21339898261036
4,76.21339898261036
4,76.46634285187768
4,76.1378456310539
4,71.01110792213188
4,74.09154198853511
4,74.09154198853511
4,73.43050678353387
4,76.62902449950494
4,76.62902449950494
4,74.28433167739588
4,76.53052979228589
4,73.11390790822617
4,74.31626107730668
4,74.31626107730668
4,74.33581193019221
4,77.83165468764798
4,74.5079999838813
4,74.5079999838813
4,78.67923747319729
4,72.27251448030837
4,72.27251448030837
4,73.8300809921735
4,73.8300809921735
4,76.72698347979487
4,74.73411626778265
4,75.05557569630267
4,75.9658482456678
4,76.94518139890059
4,74.39903553496609
4,79.11960407128942
4,79.11960407128942
4,76.25227320796213
4,77.3379145018664
4,77.3379145018664
4,74.3007181576061
4,74.97271184001929
4,77.43617121808626
4,77.7510521935067
4,73.27186569010729
4,72.51584513083422
4,74.56909960020602
# num_agents: 25
# min_agents_per_group: 3
# max_agents_per_group: 4
group_count,group_payoff
3,80.18054122285596
3,80.18054122285596
3,76.65569711458834
3,73.37931770497684
3,74.6768845530673
3,79.32926341679672
3,74.61077568068752
4,75.96692658317478
4,75.96692658317478
4,72.99599595226923
4,76.0669699906632
4,75.10236192097972
4,80.87903182242584
4,68.48696459945884
4,68.48696459945884
4,77.17178146326097
4,75.16418372162407
4,76.87665613130056
4,76.87665613130056
4,71.11990309948924
4,71.11990309948924
4,74.95623116528878
4,74.95623116528878
4,72.3683930716426
4,72.86584662707138
4,72.86584662707138
4,70.14011993377021
4,74.08585713817006
4,73.96386042586552
4,70.96592428214664
4,74.73011254060748
4,75.05896861825615
4,75.05896861825615
4,76.58926502404894
4,77.89825535500916
4,77.89825535500916
4,74.6914662001346
4,74.6914662001346
4,73.23336155426993
4,73.23336155426993
4,75.7642468874705
4,72.6614629327622
4,72.6614629327622
4,81.13521114431549
4,68.0722740004397
3,77.65532332770849
3,74.862498927133
3,74.862498927133
4,70.50790783987692
4,67.32135330612327
4,73.81438246640472
4,72.70061433696206
4,72.09900723415633
4,74.28036814256885
4,68.77809207295331
4,73.21167049210645
4,73.21167049210645
4,69.88857528351278
4,69.36414105337215
4,69.36414105337215
4,75.44083889331591
4,71.8342519406007
4,67.35968846377023
4,71.61285480570714
4,70.62860259394495
4,75.36465112727889
4,67.45149111719762
4,69.10657932693148
4,69.10657932693148
4,72.33472551650016
4,70.84634714855697
4,68.80384887409205
4,68.80384887409205
4,73.5995148491937
4,73.5995148491937
4,71.00429056976755
4,71.00429056976755
4,72.46071427947132
4,72.46071427947132
4,74.77422120348625
4,74.77422120348625
4,71.82187038716393
4,69.8563490385049
4,76.70143569218679
4,73.62956087199034
4,73.62956087199034
4,75.33527088096415
4,72.62260495523778
4,74.25045921883093
4,75.03719738512574
4,68.22333038976012
4,68.22333038976012
4,74.21894734470705
4,70.43731342101619
4,70.43731342101619
4,70.97497689015687
4,73.30438456157813
4,76.32747815637711
4,76.32747815637711
4,71.34492859874163
# num_agents: 25
# min_agents_per_group: 3
# max_agents_per_group: 4
group_count,group_payoff
3,82.96416228794791
3,82.96416228794791
3,76.79766074493057
3,72.17850809498641
3,75.13598794847547
3,80.91918763858332
4,69.56342354642477
4,76.33105002894
4,81.96705040007292
4,81.96705040007292
4,66.35801113803186
4,79.63144698312664
4,77.89853763730137
4,78.69558264785307
4,78.69558264785307
4,73.80121099649037
4,69.90124938307372
4,69.90124938307372
4,76.4005553600277
4,76.57964224004712
4,85.00103021008005
4,85.00103021008005
4,72.69628386863299
4,78.56159494547033
4,78.56159494547033
4,76.89251303767199
4,76.76384907781633
4,76.76384907781633
4,73.71604761264517
4,76.75597249856236
4,63.86164056988456
4,75.65055131565903
4,78.83171942718701
4,77.71209195616106
4,77.71209195616106
4,74.88878718959914
4,68.1487871565667
4,72.17605607861181
4,76.38341980809344
4,71.86017629523731
4,81.71991238144251
4,76.38166339465705
4,76.38166339465705
4,73.49028267853649
4,73.49028267853649
4,76.9966707251149
4,73.21847394323025
4,76.5204651045676
4,76.5204651045676
4,81.61820890547479
4,81.61820890547479
4,75.14491634121674
4,70.87293798285668
4,79.919817884385
4,75.44685173482665
4,66.39030016939952
4,66.39030016939952
3,71.01497649457482
3,66.15865357153811
3,72.70576840960261
3,72.70576840960261
3,76.81053014235334
3,75.1922741156739
3,75.1922741156739
3,71.2359354203442
3,66.69380252567791
3,66.69380252567791
4,70.01705262130115
4,70.01705262130115
4,73.78448134773213
4,82.02807083785416
4,67.28015083026594
4,69.02958515485768
4,77.38710741614294
4,77.38710741614294
4,71.34647695168725
4,81.70471567555421
4,72.82319071473445
4,71.29659993951577
4,67.36074789716896
4,75.4010078793993
4,73.00993173204786
4,68.01200519149104
4,68.08102518760901
4,68.08102518760901
4,77.62535809024146
4,77.62535809024146
4,78.90599823532916
4,65.3767641451001
4,65.3767641451001
4,69.68368399877541
4,71.97036720131254
4,75.84830574004995
4,66.76358414933928
3,72.33887330736252
3,76.03317756486348
3,70.6059666510994
3,70.6059666510994
3,73.95716754238013
3,68.22702092020936
# num_agents: 25
# min_agents_per_group: 3
# max_agents_per_group: 4
group_count,group_payoff
3,85.74778335303989
3,85.74778335303989
3,76.93962437527279
3,69.97152549702193
3,69.97152549702193
3,83.89543994578726
3,72.28755722113081
3,72.28755722113081
3,81.36662661521913
3,68.07576606212065
4,65.41311198088466
3,73.63469024657395
3,64.2580028163352
3,64.2580028163352
3,83.98620635618836
3,83.98620635618836
3,64.56724764645026
3,62.58370599137927
3,62.58370599137927
3,67.66303259726628
3,71.67917212879159
3,73.39388453541136
3,71.8763052420555
3,71.8763052420555
3,73.42296787337993
3,67.24751280830347
3,67.24751280830347
3,78.29398062708961
3,78.29398062708961
3,74.55751671348305
3,74.16034473288927
3,71.97155142991967
3,73.04921735495054
4,68.70499944406441
4,76.72532210085939
4,74.9772948480591
4,66.96313733168385
4,66.96313733168385
4,82.42874126555019
4,82.42874126555019
4,70.41457333858212
4,79.80529580745458
4,78.49485542618183
4,78.49485542618183
4,61.80017197216729
3,68.76123452060867
3,75.85202318527729
3,75.85202318527729
3,70.05761614660383
3,77.4993527935522
4,78.10581216229215
4,78.10581216229215
4,72.91043518693124
4,72.91043518693124
4,70.16630770793259
4,74.02601154437241
4,65.71961109751106
4,73.21141943758501
4,73.21141943758501
4,77.05619259648813
4,63.94151278112656
4,62.55839249597231
4,62.55839249597231
4,65.51506628941029
4,61.893870884261915
4,65.63185409406988
4,66.78115299479343
4,66.78115299479343
4,67.95123563888671
4,67.95123563888671
4,73.26459297658786
4,74.02311203455253
4,77.31756419569749
4,68.79486345986237
4,68.79486345986237
4,65.82770945453176
4,80.45489256617918
4,69.1350826924091
4,78.12894352424807
4,62.01724310810429
4,62.01724310810429
4,76.33309939916376
4,61.96793026131058
4,70.6795135399965
4,70.35106895466168
4,76.71402246509773
4,76.71402246509773
4,71.52118663939589
4,70.2252439517918
4,70.2252439517918
4,66.12879938870869
4,66.12879938870869
4,67.70435501223415
4,67.70435501223415
4,72.6521718747855
4,65.8489140270823
4,65.8489140270823
4,78.50625783655174
4,78.50625783655174
4,76.17855614408214
# num_agents: 25
# min_agents_per_group: 3
# max_agents_per_group: 4
group_count,group_payoff
3,91.3150254832238
3,91.3150254832238
3,77.22355163595725
4,66.25095835236368
4,83.93219109010873
4,83.93219109010873
4,68.99362426002801
4,68.99362426002801
3,72.95409675001659
3,80.23393865170648
3,73.6441088019638
3,61.71245293805557
3,61.71245293805557
3,63.38606028042253
4,65.03113612527407
4,69.66636995140928
4,72.01393242159922
4,72.01393242159922
4,71.05128279087229
4,71.05128279087229
4,77.36809816563205
4,70.91906139625415
4,76.62482209054058
4,76.62482209054058
4,61.99219553861165
3,69.96654272514867
3,79.64788242194139
3,79.64788242194139
3,64.59697799060272
3,66.0739052566691
4,76.03907763059306
4,74.98466295128014
4,74.98466295128014
4,66.11307863771562
4,80.23279717819314
4,80.23279717819314
4,83.87919646446083
4,65.65216868925155
4,78.00712391787637
4,78.00712391787637
4,83.82856734720694
4,77.98479506309455
4,71.51643450600292
4,75.63664160739943
3,81.97227774112973
3,69.2591434015789
3,69.2591434015789
3,67.60313968556544
3,67.60313968556544
3,67.89729338122439
3,66.8279006470542
3,66.8279006470542
3,57.348837616272995
4,77.32905174644962
4,77.32905174644962
4,66.70681443963
4,73.80619666680892
4,79.02544065021793
4,79.02544065021793
4,76.37274529976749
4,95.67866620780508
4,95.67866620780508
4,61.75990528106765
3,74.41673936249967
3,58.56938473483202
3,58.56938473483202
3,73.19677521329183
3,73.19677521329183
3,67.058199422642
3,89.96874677484941
3,65.99764897034669
4,79.34541373777579
4,81.62384000921207
4,81.62384000921207
4,80.06577090439394
4,83.28461675716012
4,60.78871986459432
3,86.97600459307463
5,76.03645354982726
5,76.33689142724793
5,54.490463964187974
5,62.3288438369053
5,62.3288438369053
5,66.51471869712668
5,83.72062444607707
5,69.0981739207737
5,69.39170417238113
5,77.886231049398
5,67.53043205700112
5,91.9793300857226
5,75.29243251530171
5,75.29243251530171
5,65.47704187101125
5,61.925494379392454
5,61.925494379392454
4,66.50948359793253
4,66.50948359793253
4,81.67880260098563
4,70.43949684310304
4,61.10675866945736
# num_agents: 25
# min_agents_per_group: 3
# max_agents_per_group: 4
group_count,group_payoff
3,96.88226761340772
3,96.88226761340772
3,77.50747889664169
3,81.24907956757413
4,83.51381632107568
4,83.51381632107568
4,97.99323525443731
4,82.13428703483252
4,88.97251604517903
4,88.71450976956724
4,88.71450976956724
4,84.28153700041162
4,82.2011218816167
4,74.64009176047301
4,91.58123836380673
4,80.1044871317127
4,63.59111091001207
4,63.59111091001207
3,83.87490048005492
3,83.87490048005492
3,53.961547965162005
4,80.38647013978331
4,79.8747844692953
4,79.8747844692953
4,72.68058187925291
4,58.02879398188136
2,86.25950972088799
2,68.05957985504928
2,101.47905971772431
2,101.47905971772431
2,89.21611567413014
4,80.30188800245958
4,80.30188800245958
4,78.99885146451493
4,86.32829234623784
4,77.72916642739864
4,77.72916642739864
4,93.48310690069239
4,93.48310690069239
4,77.54425042297697
4,77.54425042297697
4,71.36759331568776
4,71.36759331568776
4,72.10119893881797
4,72.10119893881797
4,84.36673286464851
4,84.36673286464851
4,82.55647541138975
4,84.90302160713415
4,66.59023081313819
4,66.59023081313819
3,47.51196440321831
3,65.11450202133241
3,75.38959007889349
3,75.38959007889349
3,54.88943182426688
2,71.05979259233
2,71.05979259233
2,57.4245310947741
2,57.4245310947741
3,74.99814710374501
3,66.31744884341393
5,71.02877562136267
5,71.02877562136267
5,72.12113999881132
5,72.12113999881132
5,76.30018853310338
5,73.50188933768725
5,73.50188933768725
4,87.30285577577823
4,85.68547285950072
4,85.68547285950072
4,69.04016464627706
4,70.24068315038001
4,98.07374925027872
4,98.07374925027872
4,65.83941664547928
3,60.99722091854519
3,60.99722091854519
3,75.47175269897289
3,74.03906572162643
3,74.03906572162643
4,77.45401843497677
4,77.45401843497677
4,81.73384577937001
4,69.4139341182172
4,78.18047543022523
4,78.18047543022523
4,72.47687475098708
4,71.52913576227174
4,65.84909379179888
4,90.26048566053578
4,71.43513360241813
4,71.43513360241813
4,62.773767042655635
4,62.773767042655635
4,69.80931761717626
4,69.80931761717626
4,70.03765264020339
4,68.24892143167885
# num_agents: 25
# min_agents_per_group: 3
# max_agents_per_group: 4
group_count,group_payoff
0,0.0
3,60.59591017037786
3,58.090666530398124
3,58.090666530398124
3,59.611768965081765
3,59.611768965081765
3,63.03642642203214
4,64.76992473824826
4,63.112804016328724
4,63.46888848750514
4,63.46888848750514
4,62.15431703828419
4,62.473204424865294
4,61.34984320672376
4,63.12172438530892
4,64.67895881221703
4,62.64178931422566
4,62.64178931422566
4,63.97437176017016
4,63.97437176017016
4,63.78608779930839
4,64.20012689995292
4,61.73522606427066
4,65.28838331903523
4,65.28838331903523
4,64.34817043338721
4,63.3077189728556
4,63.3077189728556
4,65.278425756665
4,61.547760779224525
4,61.547760779224525
4,62.05271283025433
4,63.35744190716023
4,63.02153141537733
4,63.02153141537733
4,62.44474330074937
4,63.546580025630405
4,63.546580025630405
4,63.073295692389465
4,63.073295692389465
4,66.38262943756371
4,66.74744109614502
4,66.74744109614502
4,62.020083260653095
4,62.41615153311263
4,60.43254979738041
4,63.19597074718326
4,63.19597074718326
4,64.44134823515417
4,64.7060975950323
4,64.7060975950323
4,63.139940864338165
4,65.02401381305538
4,65.02401381305538
4,63.803479253534924
4,61.57999212830276
4,61.57999212830276
4,65.1869085006702
4,62.58541601804913
4,62.58541601804913
4,61.19355878693311
4,66.0832870155859
4,63.85860066425734
4,63.85860066425734
4,64.63032964873031
4,67.04218871443831
4,66.36988283598626
4,61.489445862278345
4,65.44277502096398
4,59.255130797209965
4,61.09458798386933
4,62.17352124064356
4,62.17352124064356
4,63.962037511979844
4,61.26277543767111
4,66.01188462243499
4,64.0919499115477
4,64.0919499115477
4,61.359044899617544
4,63.64449691299582
4,64.18742584170651
4,64.18742584170651
4,61.57325584335561
4,65.85568363665296
4,64.2752909419117
4,63.098374390220144
4,63.098374390220144
4,62.82354797870183
4,62.82354797870183
4,57.24280642937535
4,65.65734236503882
4,64.46683783239038
4,62.52913457135162
4,62.52913457135162
4,62.5800187544
4,66.28955205553522
4,66.28955205553522
4,62.3915474603452
4,64.31080809015967
4,64.26155043267937
# num_agents: 25
# min_agents_per_group: 3
# max_agents_per_group: 4
group_count,group_payoff
0,0.0
3,61.90082345627358
3,55.989430726868804
3,55.989430726868804
3,61.474222474814944
3,61.474222474814944
3,65.18660363008539
4,65.86717119403347
4,63.54563110546756
4,62.73451601086949
4,62.73451601086949
4,62.29870554093397
4,60.8078958694816
4,59.19971702550553
4,64.54235117929424
4,63.969486807871455
4,60.01986033392851
4,60.01986033392851
4,65.90669054488755
4,65.90669054488755
4,63.83991505384413
4,67.67213722103523
4,61.01826863408104
4,62.17069612993934
4,62.17069612993934
4,63.21498358088491
4,63.21498358088491
4,65.83912102028049
4,61.81529383650061
4,62.05094693674814
4,65.86671132905145
4,60.556237982530256
4,60.556237982530256
4,66.8506952131363
4,60.75837111880637
4,65.81472833556988
4,63.81967640594882
4,63.81967640594882
4,65.4345112232327
4,64.03080575794256
4,61.74396430604629
4,61.74396430604629
4,67.26579542192508
4,68.6696298495992
4,68.6696298495992
4,64.23498414735263
4,64.23498414735263
4,64.19681771166978
4,64.19681771166978
4,63.99222161644653
4,66.85112657792541
4,60.31167911108641
4,61.873865288830686
4,64.75167772035164
4,65.25380213704504
4,58.960365633309685
4,65.01568521285253
4,60.38006511951225
4,60.38006511951225
4,66.1689044195156
4,66.1689044195156
4,64.31229250842402
4,59.12461572603125
4,59.12461572603125
3,64.18836606495707
3,60.24253040539966
3,63.84898936647237
3,63.84898936647237
3,60.05123321776571
3,60.05123321776571
3,63.31011469581992
3,64.451123899591
3,63.50087633502793
4,66.57606742738812
4,66.57606742738812
4,64.63094327129505
4,62.757506918078434
4,64.34744685002426
4,68.15856069419567
4,62.14034385819187
4,63.78385085133762
4,63.78385085133762
4,66.29002611098693
4,66.29002611098693
4,62.172050774528785
4,66.06578472821643
4,61.72686677314009
4,60.50632795269429
4,60.50632795269429
4,65.12026653577422
4,52.569458706733606
4,52.569458706733606
4,66.37649356468854
4,62.496626279262756
4,62.496626279262756
4,68.06451491612192
4,62.234825657739435
3,65.20893910258157
3,65.20893910258157
3,63.95072088591376
# num_agents: 25
# min_agents_per_group: 3
# max_agents_per_group: 4
group_count,group_payoff
0,0.0
3,62.716394259958406
3,54.676158349662984
3,54.676158349662984
3,62.631255192183744
3,70.00055821334776
3,70.00055821334776
4,66.55295022889922
4,65.63645925993087
4,59.98044660998572
4,74.4349972810691
4,66.03301702911241
4,63.73384879569276
4,63.73384879569276
4,68.14730295189996
4,62.167700913251856
4,69.47582441603696
4,69.47582441603696
4,65.61178182149463
4,62.75101383209052
4,74.02264365888786
4,69.29270310977293
4,67.02414605313378
4,67.02414605313378
4,67.36888884987651
4,67.36888884987651
4,70.57156870579205
4,64.32760218755644
4,64.32760218755644
3,62.122324223559225
3,61.62402956213408
3,59.84959118853522
3,55.07542408257178
3,55.07542408257178
3,59.2147848725487
3,59.2147848725487
3,59.37066358982484
3,59.37066358982484
4,70.54896623805078
4,59.18560330220644
4,59.18560330220644
4,68.60589031605839
4,66.55381045777186
4,66.55381045777186
4,57.15614540921141
4,63.29119348829265
4,58.16513034420776
4,63.846116045146715
4,60.34294953648829
4,67.04426909851516
4,59.6907574612921
4,59.6907574612921
4,62.28844584392069
4,69.1476526385353
4,67.21951216003319
4,62.541698954276804
4,66.59764206533512
4,61.49636753429315
4,58.36163551529416
4,65.92651289004344
4,65.92651289004344
4,71.95374094263688
4,55.09043974577935
4,63.3708107133111
4,63.3708107133111
4,65.89737093959457
4,65.59966577558136
4,65.59966577558136
4,62.54153055028754
4,60.29193398172738
4,67.4908194424021
4,62.58450549148691
4,62.58450549148691
4,62.335341199959814
4,66.03185493107819
4,66.03185493107819
4,62.56687264791959
4,61.00356439006931
4,59.45670418125162
4,62.1017129542108
4,56.333093560813495
4,56.333093560813495
3,51.88626585699087
3,60.43009116365947
3,64.35212954299098
3,59.495978355473575
3,58.93802372467745
5,72.5370062875519
5,60.91505549122398
5,70.7513152021077
5,70.7513152021077
5,67.04796253955173
5,67.04796253955173
5,69.05096086069801
5,64.70508700314936
5,70.40431242982237
5,56.87097397148909
4,60.54064782318793
4,68.98032252256529
4,68.98032252256529
# num_agents: 25
# min_agents_per_group: 3
# max_agents_per_group: 4
group_count,group_payoff
0,0.0
3,63.53196506364323
3,53.36288597245715
3,53.36288597245715
3,62.69685631872666
3,72.40462010909128
3,72.40462010909128
4,67.23872926376498
4,65.91469249788372
4,59.20387659365151
4,77.26073342987722
4,67.03690717312585
4,63.789334154969254
4,63.789334154969254
4,61.439803334071726
4,61.439803334071726
4,68.79205777085372
4,64.27276797653482
4,64.27276797653482
4,67.78862228008575
4,61.196089103332085
4,77.52724009293733
4,77.52724009293733
4,61.28533739719807
4,61.28533739719807
4,59.28138150322374
4,74.73186300152615
4,58.936775094563096
3,62.701636581622935
3,61.18023316568782
3,65.54491232686769
3,65.54491232686769
3,62.67154447319319
3,67.09933633999877
3,55.019008605598906
3,55.019008605598906
3,57.3117910499206
3,57.3117910499206
3,66.08735920760968
3,57.82549637498453
3,57.82549637498453
3,59.22181883833804
4,63.701067263700416
4,72.14186137720394
4,66.55606557881713
4,75.18089531891398
4,75.18089531891398
4,72.25568299492798
4,72.25568299492798
4,64.80634513472154
4,64.80634513472154
4,64.02533610922615
4,67.92101168853331
4,67.92101168853331
3,54.59490881519346
3,54.59490881519346
3,59.47636931820415
3,59.47636931820415
3,64.88413662265617
3,58.84532324119161
3,60.459250534052934
3,73.8254462181965
3,59.986524638691726
3,59.986524638691726
3,54.80967865862897
3,64.50535678673882
3,60.94292159785465
3,65.00846998204345
3,65.00846998204345
3,62.151807486928654
3,68.29114772942006
3,67.75348570107283
3,67.75348570107283
3,65.33014947620465
3,65.33014947620465
3,56.86513837866386
3,56.86513837866386
3,67.72497435341995
3,57.03983500372397
5,63.53831037312377
5,69.20910791835263
5,67.42819492060542
5,61.615511840011116
5,73.58469712795532
5,67.51457105797287
5,67.51457105797287
5,64.61211991567878
5,61.71601449888794
5,67.66138638001237
5,67.66138638001237
5,70.18754454296646
5,61.506005437070634
4,55.14713019940367
4,55.14713019940367
4,58.88127208268968
4,58.88127208268968
4,63.47776601066345
4,63.47776601066345
4,67.73540850738758
4,60.465863566523836
# num_agents: 25
# min_agents_per_group: 3
# max_agents_per_group: 4
group_count,group_payoff
0,0.0
3,65.16310667101286
3,50.7363412180455
3,50.7363412180455
3,62.828058571812505
3,77.2127439005783
3,77.2127439005783
4,68.61028733349647
4,66.47115897378943
4,66.99763680111457
4,66.99763680111457
4,54.19327339305973
4,54.19327339305973
4,65.01572310204274
4,71.0771124961529
4,66.36956930401603
3,48.54135741246814
3,48.54135741246814
3,66.64113023915294
4,69.36329225045175
4,68.82807718416343
4,68.82807718416343
4,74.54036586848551
4,76.03713106758093
4,76.03713106758093
4,64.46062190639785
4,64.46062190639785
4,71.38088310718513
4,67.32474062067162
4,73.63498433582919
4,75.89722023045482
4,75.89722023045482
4,55.37172620292129
4,54.441505845388804
2,43.210798838472165
2,43.210798838472165
2,37.53868109109741
2,42.44285584613821
2,64.05313593903608
2,64.05313593903608
2,61.146575754788614
2,51.52516138076971
2,51.52516138076971
3,62.62038343692791
3,63.02614520704148
3,48.608883134545856
3,59.04579786717119
3,59.04579786717119
2,64.64446393272333
3,66.46544589976952
3,66.46544589976952
4,64.96118331196793
4,55.97746166314472
4,67.39184525577771
4,67.39184525577771
4,65.7884136988972
4,49.33183227866196
4,49.33183227866196
3,72.54314646671943
3,68.47966718453907
4,67.96588536724043
4,51.822938346591826
4,51.822938346591826
4,83.11092011065078
4,51.84375824956281
3,54.69207454238919
3,54.69207454238919
3,50.1619832564195
2,51.50403781966958
2,51.50403781966958
2,39.62950789162841
2,66.80440133895289
2,71.8738187197378
2,53.211167527237144
2,52.76758086438308
2,52.76758086438308
2,70.74484633819021
2,50.03540030458245
2,51.85689960884622
3,59.46469986814225
3,59.46469986814225
3,74.7216876331775
3,74.7216876331775
3,64.38894968067457
3,54.95628439214687
2,45.40598498837477
2,45.40598498837477
2,63.78089770497175
2,58.96381055204003
2,67.71166683816998
2,43.65685092335523
2,43.65685092335523
2,51.95045105041499
2,44.85680973880923
2,55.87960714648575
4,56.46971503246687
4,56.46971503246687
4,74.2929220490355
4,74.2929220490355
4,72.98038789718503
# num_agents: 25
# min_agents_per_group: 3
# max_agents_per_group: 4
group_count,group_payoff
0,0.0
3,66.7942482783825
3,48.109796463633856
3,48.109796463633856
3,62.95926082489836
3,82.02086769206532
3,82.02086769206532
4,69.98184540322798
4,64.02358496452966
4,76.38160855443361
4,57.1863513613759
4,54.26679171826241
4,54.26679171826241
4,69.60619055600213
4,66.91988279907433
3,67.16272067240638
3,67.16272067240638
4,75.13000332861604
4,75.13000332861604
4,57.348871717997326
4,75.63435678549426
4,72.31206099895864
4,72.31206099895864
4,64.29978209309519
4,72.54229862663098
4,84.06799976582775
4,84.06799976582775
4,66.32810682686913
4,55.16757135812056
4,59.922607351522096
3,61.92363506123103
3,61.92363506123103
3,46.7305107622316
3,54.95333224644793
3,53.195514701047486
3,47.92758454160208
2,50.82794612500453
2,50.82794612500453
2,35.62779669461815
2,62.844627774988695
2,45.151925918244075
2,44.770855450961086
2,58.6909361314614
2,58.740301185707644
2,58.740301185707644
2,54.588683156731946
2,86.67752890572487
2,86.67752890572487
3,52.64454432402024
3,53.20852717959107
3,51.99538640484816
2,46.06435118644537
3,52.349040025642026
3,52.349040025642026
3,68.25230221571599
3,68.25230221571599
3,79.38712212237309
3,86.03098086077189
3,64.73451668859433
3,69.56189377691211
3,69.56189377691211
3,47.58256047466358
3,47.58256047466358
2,53.15779340860135
2,53.15779340860135
2,69.05485291564264
2,69.05485291564264
2,62.09551527650883
3,71.62041869500607
3,71.62041869500607
3,61.10350638776032
3,87.82383939889746
3,87.82383939889746
3,55.849980948201704
3,56.048459112784265
2,51.18339568313007
2,51.18339568313007
2,39.29764253875508
2,39.29764253875508
2,57.96175618327245
2,35.14997021876241
2,35.28606285294226
2,35.28606285294226
2,70.66747675310435
3,60.04832359579352
3,51.14596225374507
3,59.79910344639705
3,59.79910344639705
2,68.85714958551502
2,39.6827591650294
2,45.924528563710204
2,61.52456952356181
2,66.5885238118772
2,42.12768465098557
2,42.12768465098557
2,52.772204238587115
2,26.630611069430998
2,48.567844291210925
2,63.257888964656175
2,42.22415859860245
# num_agents: 25
# min_agents_per_group: 3
# max_agents_per_group: 4
group_count,group_payoff
0,0.0
3,81.76751134821268
3,80.01047234756484
3,80.72001070250019
3,80.72001070250019
3,83.11037054828957
3,83.11037054828957
3,77.36139640873779
3,84.21649153314856
3,82.38743384428963
3,82.38743384428963
3,81.64164339801529
3,81.64164339801529
3,80.23972213212795
3,82.15441157011544
4,88.99374871500643
4,84.63303640613805
4,84.30637062286775
3,81.60901710434702
3,81.60901710434702
3,83.87879463258398
3,74.7442134773662
3,74.7442134773662
3,77.70656792572653
3,77.70656792572653
3,80.23737260658532
3,80.23737260658532
3,79.77522469271389
3,79.77522469271389
3,80.50237258378392
3,80.55987581693286
3,80.55987581693286
3,80.2803055244436
3,77.89104544385988
3,76.6880630738862
3,76.6880630738862
4,83.41516954325476
4,83.41516954325476
4,83.61689474806764
4,86.6253132495551
3,82.44144541537723
3,81.50776547270965
3,80.70479761006513
3,76.65512710370824
3,76.65512710370824
3,78.54243603409272
3,82.03997322244257
4,81.2542013551428
4,80.38864402212596
4,82.98744754984439
4,85.15727765835021
4,83.83616234135532
4,83.83616234135532
4,82.09052648829996
4,78.54120930857206
4,78.54120930857206
3,79.29966556469371
3,83.99072327761326
3,79.19887890453055
4,81.22200473677427
4,81.22200473677427
4,82.68873545515551
4,84.94912515240969
4,84.94912515240969
4,80.99630250947531
4,77.74986497724902
4,77.74986497724902
4,84.414600061177
4,84.414600061177
4,83.06097071415162
4,81.14916588357026
4,81.14916588357026
4,84.50142267408796
4,84.50142267408796
4,84.4338599321659
4,83.50782331910663
4,81.7133996428347
4,81.65744051604055
4,83.86082502264294
4,81.85358976386381
4,81.85358976386381
4,77.36458460012004
4,80.15402898313117
4,83.6649694606812
4,83.6649694606812
4,82.46053487913987
4,82.46053487913987
3,77.80737557502697
3,77.80737557502697
3,77.73874087378742
3,82.10571273051977
3,79.33361046781108
3,79.33361046781108
3,77.53662258589934
4,83.48636077283608
4,84.60010300469985
4,80.58216984381191
4,82.57309096903992
4,82.1647953417405
4,82.1647953417405
# num_agents: 25
# min_agents_per_group: 3
# max_agents_per_group: 4
group_count,group_payoff
0,0.0
3,87.36090121632265
3,80.96420741732766
3,80.96420741732766
3,78.17274821305938
3,85.1126637681621
3,72.17135173725075
3,72.17135173725075
3,80.65955550094232
3,82.67289776680826
3,78.97954108761311
3,90.54109344724488
3,81.95927997698793
3,82.8881430226995
3,78.70929894204598
4,82.55250924766496
4,82.55250924766496
4,87.11865044515167
4,87.11865044515167
3,75.80073913361085
3,79.54993017766523
3,79.54993017766523
4,83.96455004459438
4,84.69390734000326
3,83.50997178267802
3,83.50997178267802
3,73.11340069540083
3,73.11340069540083
3,82.70285393905968
3,79.78000117746691
3,79.78000117746691
3,77.6119405207428
3,80.97178817435534
4,84.97693427078026
4,80.12445844550476
4,86.84659623143125
4,83.64086060823188
4,86.17255288335893
4,86.17255288335893
4,85.10282608275752
4,85.10282608275752
4,83.4634049254129
4,79.05700846803819
4,79.05700846803819
4,82.34422486621708
4,82.2138632541203
4,82.2138632541203
4,81.41586168034335
4,86.57071527168819
4,86.57071527168819
4,73.78971288925604
4,73.78971288925604
3,83.26442149671148
3,75.94894145362201
3,75.94894145362201
3,78.66489719638409
3,78.66489719638409
3,74.84739339779871
3,77.80919604347363
3,87.60987003815166
3,87.60987003815166
4,87.27983575579938
4,87.27983575579938
4,82.88435843477905
4,82.58417605760326
4,80.0099432083907
4,82.78295093017297
4,82.78295093017297
4,83.00971696583485
4,83.00971696583485
4,81.56584861871082
4,79.36614056019772
4,79.36614056019772
4,85.42432350130989
4,86.54873839616583
4,79.91889186955817
3,78.41439783645066
3,78.41439783645066
3,77.44985525321357
3,75.42253964645452
3,74.30144810107178
3,74.30144810107178
3,82.72760842729376
3,82.72760842729376
3,80.79829196431515
3,77.80928582982375
3,76.59576241049189
4,85.43324233686961
4,85.43324233686961
4,84.68896767076652
4,84.68896767076652
4,77.55625736978511
4,78.45899019384703
4,79.48446295104453
4,79.48446295104453
4,79.795416149409
4,79.795416149409
4,79.3971816305584
4,79.3971816305584
3,80.63948957725822
# num_agents: 25
# min_agents_per_group: 3
# max_agents_per_group: 4
group_count,group_payoff
0,0.0
3,90.85676988389139
3,81.5602918359294
3,81.5602918359294
3,77.8104088729004
3,87.06599225862493
3,70.4764267877013
3,70.4764267877013
3,81.91866327918314
3,85.14651287973236
3,77.18302946251622
3,94.31251006691777
3,82.23636569331447
3,85.64293631691136
3,79.46594887832212
4,82.13405416828142
4,82.13405416828142
4,86.75332010466632
4,86.75332010466632
3,71.10610530588765
2,77.15790922624917
2,77.15790922624917
3,80.76398094906824
3,82.01548962477393
3,71.36131302621212
3,82.18091768857701
3,71.37648250813623
3,71.37648250813623
2,72.61064620150964
2,72.61064620150964
3,76.30379317788699
3,81.55932644394358
3,81.55932644394358
4,82.45606976242803
4,82.45606976242803
4,88.00594135984508
4,88.00594135984508
3,76.48972913913707
2,68.8160591137615
2,68.8160591137615
2,72.8017442312231
2,68.25822809167913
2,68.25822809167913
2,74.44649391497316
3,85.23706807148331
4,81.57609383748216
3,71.64235701497857
3,71.64235701497857
3,72.34876527425199
2,69.45316560436949
2,80.28316139038088
2,80.28316139038088
2,76.58634040522315
2,73.75547570275995
2,73.71303501058514
2,78.24908107314549
2,78.24908107314549
2,78.23292467069588
2,73.13067762066675
2,79.87443344103133
2,78.88392466063713
2,78.51554651859264
2,95.3108713377595
2,95.3108713377595
2,72.62868091081022
2,76.61960429366563
2,73.647067801704
2,71.87821035662512
2,67.59874259547466
2,72.5839453057721
2,77.24824734799515
2,77.97081924151689
2,77.97081924151689
2,82.01834488387895
2,82.01834488387895
2,69.61109996832478
2,69.61109996832478
2,74.63691029762374
2,74.63691029762374
2,65.78592239180801
1,64.79618498240139
1,64.79618498240139
1,63.29742530700714
1,63.29742530700714
1,63.041162638955164
1,63.041162638955164
1,51.76282845297408
2,83.9860885055345
2,79.45614752058698
2,70.27206678358722
2,70.27206678358722
1,60.83407820040754
1,60.83407820040754
1,75.2348631231481
1,75.2348631231481
1,72.0040101092757
1,69.79303608081557
1,69.79303608081557
1,62.98297831886851
