% Base Parameters: gridHeight = 100, gridWidth = 100, min_distance_groups = 5, num_groups = 13, num_agents_per_group = 5, max_strikes = 3, mean_tolerance = 0.25, std_tolerance = 0.1, mean_value = 1.0, std_value = 0.5, agent_std_value = 0.25, prop_deviant = 0.2, deviant_mean_tolerance = 0.125, prefix = adjusted_means, 

% Random Parameters: 
% Test Parameters:
%deviant_mean_tolerance = [0.125, 0.25, 0.5]
% ,,Test Parameters,Results
Seed,Timestep,deviant_mean_tolerance,num_deviants,num_standards,avg_deviant_payoff,avg_standard_payoff,
1,0,0.125,14,51,0.0,0.0,
1,1,0.125,14,51,0.2990560650825501,0.2778952205882351,
1,2,0.125,14,51,0.5637418465954916,0.557931847198337,
1,3,0.125,14,51,0.8442378563540325,0.7907221881782304,
1,4,0.125,14,51,1.172182138477053,1.064964694237592,
1,5,0.125,14,51,1.4167246392795019,1.2955363359375325,
1,6,0.125,14,51,1.6033758754176752,1.4981783748438704,
1,7,0.125,14,51,1.8466497622430325,1.787546779060404,
1,8,0.125,14,51,2.094731005715827,2.042504994711268,
1,9,0.125,14,51,2.272165100586658,2.3233581202082925,
1,10,0.125,14,51,2.619886847521445,2.6223363552321337,
1,11,0.125,14,51,2.8760436898456865,2.8962536328628565,
1,12,0.125,14,51,3.16659862199046,3.160097686864432,
1,13,0.125,14,51,3.4484398810249224,3.421127155937976,
1,14,0.125,14,51,3.627896481818058,3.6529215418122822,
1,15,0.125,14,51,3.8401370705313975,3.8993056583781405,
1,16,0.125,14,51,4.05647066533973,4.129042986926097,
1,17,0.125,14,51,4.265500937680857,4.385749293536036,
1,18,0.125,14,51,4.465763027083041,4.666600301839729,
1,19,0.125,14,51,4.860010628198846,4.940701349890161,
1,20,0.125,14,51,5.107109769383485,5.24896504014212,
1,21,0.125,14,51,5.264958135675262,5.505122744317554,
1,22,0.125,14,51,5.4983478746060355,5.820417068652445,
1,23,0.125,14,51,5.638498573150836,5.995412332645697,
1,24,0.125,14,51,5.825111601589335,6.181475708158289,
1,25,0.125,14,51,6.054910329456173,6.438430910907765,
1,26,0.125,14,51,6.30763445500564,6.656503470836748,
1,27,0.125,14,51,6.549514685793635,6.930620178674421,
1,28,0.125,14,51,6.757399919042052,7.173621398581955,
1,29,0.125,14,51,6.881486275943941,7.419662061755187,
1,30,0.125,14,51,7.209633862731316,7.666506047768332,
1,31,0.125,14,51,7.420494400825305,7.891984718075285,
1,32,0.125,14,51,7.688273347551592,8.131553132858796,
1,33,0.125,14,51,7.938276968884639,8.426475113199286,
1,34,0.125,14,51,8.244845677815281,8.733099536993967,
1,35,0.125,14,51,8.500595185136149,8.997490166111625,
1,36,0.125,14,51,8.811481226203613,9.2490326616592,
1,37,0.125,14,51,9.111719516314887,9.51312475923046,
1,38,0.125,14,51,9.28249028914378,9.768852361913611,
1,39,0.125,14,51,9.50168598942218,10.031648807631212,
1,40,0.125,14,51,9.818421116878694,10.238711931406545,
1,41,0.125,14,51,10.069561659205478,10.503526669076784,
1,42,0.125,14,51,10.305842204487769,10.78118443566883,
1,43,0.125,14,51,10.5493611600983,10.956967509281252,
1,44,0.125,14,51,10.786610959283385,11.209651532157341,
1,45,0.125,14,51,10.99973554294806,11.427469390099915,
1,46,0.125,14,51,11.279102005734163,11.684614349035277,
1,47,0.125,14,51,11.467136190348286,11.971786879009503,
1,48,0.125,14,51,11.79914308726247,12.253608440121358,
1,49,0.125,14,51,12.047155297030425,12.518747090692774,
1,50,0.125,14,51,12.254362617011779,12.695573089412898,
1,51,0.125,14,51,12.454683097616666,12.940155102748303,
1,52,0.125,14,51,12.79562496925803,13.136277740804244,
1,53,0.125,14,51,13.052487518429873,13.411855014195364,
1,54,0.125,14,51,13.399443343784004,13.671611424795373,
1,55,0.125,14,51,13.726172349538144,13.917512123204949,
1,56,0.125,14,51,13.89046623529145,14.163820362177464,
1,57,0.125,14,51,14.174689976113902,14.44366767891486,
1,58,0.125,14,51,14.390964592382293,14.691921903202768,
1,59,0.125,14,51,14.693858291393274,15.011054159129197,
1,60,0.125,14,51,15.015827038826021,15.325682855816574,
1,61,0.125,14,51,15.294011535424545,15.555213326812632,
1,62,0.125,14,51,15.613592188570006,15.84598677344901,
1,63,0.125,14,51,15.889071157441908,16.164018832013515,
1,64,0.125,14,51,16.152366487447797,16.425808921008144,
1,65,0.125,14,51,16.450540409246155,16.68328203925112,
1,66,0.125,14,51,16.660033158929902,16.899316529125073,
1,67,0.125,14,51,16.94416811387574,17.148687887655353,
1,68,0.125,14,51,17.24551895972328,17.39858340795711,
1,69,0.125,14,51,17.38742880247648,17.63380042100055,
1,70,0.125,14,51,17.63303730603401,17.864150694843154,
1,71,0.125,14,51,17.829806949199607,18.065268562060112,
1,72,0.125,14,51,18.052908505106142,18.35881742519679,
1,73,0.125,14,51,18.323768760649937,18.55862641029523,
1,74,0.125,14,51,18.512386505922304,18.820289152690304,
1,75,0.125,14,51,18.764033506866493,19.047972004675184,
1,76,0.125,14,51,18.9990367504862,19.337371616936142,
1,77,0.125,14,51,19.255646859643853,19.57977034983847,
1,78,0.125,14,51,19.47900156563458,19.805840835952516,
1,79,0.125,14,51,19.834138389618197,20.08024321199766,
1,80,0.125,14,51,20.172738845878076,20.33787662675216,
1,81,0.125,14,51,20.410719309736397,20.620581266266214,
1,82,0.125,14,51,20.596362527062126,20.85093551746833,
1,83,0.125,14,51,20.75071258087484,21.075809456250294,
1,84,0.125,14,51,21.020826183165614,21.35929463533158,
1,85,0.125,14,51,21.355405200814868,21.62479904074602,
1,86,0.125,14,51,21.500479184502137,21.85638808316346,
1,87,0.125,14,51,21.81064884339804,22.180365521506193,
1,88,0.125,14,51,22.076193561969195,22.43585918645631,
1,89,0.125,14,51,22.265411340800622,22.694424361911768,
1,90,0.125,14,51,22.61018105017703,22.871076063137508,
1,91,0.125,14,51,22.92382259272387,23.104064170604087,
1,92,0.125,14,51,23.185246390854815,23.39596043492807,
1,93,0.125,14,51,23.3014504415682,23.666574615255968,
1,94,0.125,14,51,23.551545370256065,23.88274454015858,
1,95,0.125,14,51,23.841131725295863,24.111806973528093,
1,96,0.125,14,51,24.052576553229375,24.36198469849887,
1,97,0.125,14,51,24.219561282497754,24.656101783950305,
1,98,0.125,14,51,24.467705282209046,24.89380810870856,
1,99,0.125,14,51,24.736762560033906,25.062308400708925,
1,100,0.125,14,51,24.88571295941248,25.315138726422695,
2,0,0.125,13,52,0.0,0.0,
2,1,0.125,13,52,0.30521663794150716,0.2527519521804958,
2,2,0.125,13,52,0.5523180571886209,0.5198754393137421,
2,3,0.125,13,52,0.7679326314192553,0.725592076491851,
2,4,0.125,13,52,0.9709601849317552,0.9709916926777129,
2,5,0.125,13,52,1.1530185679512288,1.161464077069616,
2,6,0.125,13,52,1.4941851103028811,1.3431334318054728,
2,7,0.125,13,52,1.6960240916882259,1.4940595121048288,
2,8,0.125,13,52,1.9741586285467785,1.7297272043660021,
2,9,0.125,13,52,2.2465938677776647,1.9261346026067818,
2,10,0.125,13,52,2.452349696570974,2.1013245828507445,
2,11,0.125,13,52,2.7722374500542553,2.2819668214572584,
2,12,0.125,13,52,2.9464378313037676,2.5554750203327927,
2,13,0.125,13,52,3.3480895472483967,2.779280090411672,
2,14,0.125,13,52,3.579283434553306,2.9944933192839454,
2,15,0.125,13,52,3.7853976908535527,3.2261534425669036,
2,16,0.125,13,52,4.055761829876837,3.4794479841432793,
2,17,0.125,13,52,4.331337494401479,3.6414897458602318,
2,18,0.125,13,52,4.483544555254694,3.8639812273191394,
2,19,0.125,13,52,4.773050613549166,4.042570016091305,
2,20,0.125,13,52,5.146639453264108,4.285222506244829,
2,21,0.125,13,52,5.417198155165116,4.546367246201327,
2,22,0.125,13,52,5.671436227817775,4.803110247108472,
2,23,0.125,13,52,5.786263586432074,5.047089143814405,
2,24,0.125,13,52,5.996617376258019,5.281476850337366,
2,25,0.125,13,52,6.297718163650302,5.515426150760774,
2,26,0.125,13,52,6.509212301342502,5.759703187708967,
2,27,0.125,13,52,6.797031964529059,5.970130059868988,
2,28,0.125,13,52,7.004439264658128,6.205170478568216,
2,29,0.125,13,52,7.263833404152698,6.449453969746835,
2,30,0.125,13,52,7.496270259416401,6.727187960759287,
2,31,0.125,13,52,7.690250779966416,6.980123716913339,
2,32,0.125,13,52,7.936849417187433,7.16984795132405,
2,33,0.125,13,52,8.270308652513025,7.388301008400784,
2,34,0.125,13,52,8.491373873468975,7.635635600630205,
2,35,0.125,13,52,8.70548067955133,7.869825796216769,
2,36,0.125,13,52,9.121705561130444,8.10493639079063,
2,37,0.125,13,52,9.494372734629069,8.33612563349486,
2,38,0.125,13,52,9.81279855248619,8.578096967496647,
2,39,0.125,13,52,10.163677019134825,8.802827547795268,
2,40,0.125,13,52,10.362605249799092,9.035970769367117,
2,41,0.125,13,52,10.64658218448751,9.318791576349486,
2,42,0.125,13,52,10.908297520755674,9.527236772829015,
2,43,0.125,13,52,11.197318587886807,9.786100465338935,
2,44,0.125,13,52,11.420237871942122,9.970429596872044,
2,45,0.125,13,52,11.611012164646457,10.168970709347905,
2,46,0.125,13,52,11.873616153057883,10.374427282165,
2,47,0.125,13,52,12.268530803652673,10.641431897169921,
2,48,0.125,13,52,12.487217993784387,10.920875226273534,
2,49,0.125,13,52,12.716246686987155,11.126454208716053,
2,50,0.125,13,52,12.961695995384135,11.33427955815652,
2,51,0.125,13,52,13.302004640177124,11.587099537980798,
2,52,0.125,13,52,13.612539470634873,11.75936778061007,
2,53,0.125,13,52,13.83825363647952,11.982085413052694,
2,54,0.125,13,52,14.077047400552821,12.171086073506668,
2,55,0.125,13,52,14.385972390262108,12.41335369825789,
2,56,0.125,13,52,14.57330868021411,12.664229601264717,
2,57,0.125,13,52,14.820284842064673,12.85550466475335,
2,58,0.125,13,52,15.124139881760811,13.034987075710157,
2,59,0.125,13,52,15.349073205429203,13.249718536902119,
2,60,0.125,13,52,15.64688901959807,13.46996546452348,
2,61,0.125,13,52,15.95640335246871,13.732709342475314,
2,62,0.125,13,52,16.278203256135665,13.980550314339002,
2,63,0.125,13,52,16.541614159323117,14.195382166513525,
2,64,0.125,13,52,16.863082121289082,14.440261496853937,
2,65,0.125,13,52,17.0721450206534,14.652629334219572,
2,66,0.125,13,52,17.30247695308919,14.906873253299835,
2,67,0.125,13,52,17.414346170718805,15.1646105177149,
2,68,0.125,13,52,17.747219108092743,15.412021447473121,
2,69,0.125,13,52,17.989958466541598,15.588361604217859,
2,70,0.125,13,52,18.371454072409048,15.797770836759721,
2,71,0.125,13,52,18.624440441987172,15.977421245051499,
2,72,0.125,13,52,18.840278172079515,16.205759512655924,
2,73,0.125,13,52,19.152225266096607,16.45305129154478,
2,74,0.125,13,52,19.394898277871768,16.656511713180397,
2,75,0.125,13,52,19.60708409881096,16.889188551064763,
2,76,0.125,13,52,19.91042302327918,17.161481937747673,
2,77,0.125,13,52,20.245707216883467,17.401464534150858,
2,78,0.125,13,52,20.612326867150117,17.616898149091977,
2,79,0.125,13,52,20.909018235005718,17.83951001325287,
2,80,0.125,13,52,21.183132915294156,18.107452887391464,
2,81,0.125,13,52,21.459812306633935,18.35201973203356,
2,82,0.125,13,52,21.82184490212358,18.66186752495098,
2,83,0.125,13,52,21.952208327648233,18.89123777476033,
2,84,0.125,13,52,22.180111583190826,19.10939561657419,
2,85,0.125,13,52,22.464391896049086,19.290771113577794,
2,86,0.125,13,52,22.708587476327914,19.50253658020678,
2,87,0.125,13,52,22.9627102383739,19.68833650199625,
2,88,0.125,13,52,23.329219990154055,19.89853554516931,
2,89,0.125,13,52,23.58430320215039,20.06695093552993,
2,90,0.125,13,52,23.788033155801394,20.2865203032921,
2,91,0.125,13,52,23.863740297446913,20.501616173261823,
2,92,0.125,13,52,24.093248862332374,20.734185581726457,
2,93,0.125,13,52,24.47926874617413,21.02122322793572,
2,94,0.125,13,52,24.877996300935482,21.270349536701563,
2,95,0.125,13,52,25.130711948379332,21.49415847396098,
2,96,0.125,13,52,25.53860532134508,21.750753606950703,
2,97,0.125,13,52,25.90256535332696,21.97312950839556,
2,98,0.125,13,52,26.22343545187459,22.23450933377811,
2,99,0.125,13,52,26.561179102877325,22.517113194839144,
2,100,0.125,13,52,26.906448258439358,22.73201691811143,
3,0,0.125,12,53,0.0,0.0,
3,1,0.125,12,53,0.25042816549539565,0.23601542936181127,
3,2,0.125,12,53,0.5804280216495195,0.549579280727315,
3,3,0.125,12,53,0.8892806584636369,0.8579559980698352,
3,4,0.125,12,53,1.172663404047489,1.1165627593139433,
3,5,0.125,12,53,1.4648518060644466,1.42338732346049,
3,6,0.125,12,53,1.6785626895725727,1.6486053562389233,
3,7,0.125,12,53,1.9396091851676065,1.9020540979034786,
3,8,0.125,12,53,2.1767381502751686,2.191366941265171,
3,9,0.125,12,53,2.4462269451593044,2.402613088205841,
3,10,0.125,12,53,2.749457239878867,2.5824766601857743,
3,11,0.125,12,53,3.0796200437581986,2.886424794797194,
3,12,0.125,12,53,3.35234777112896,3.1344905950526587,
3,13,0.125,12,53,3.638996788402317,3.400388306789978,
3,14,0.125,12,53,3.8451547995677973,3.639401981892877,
3,15,0.125,12,53,4.122592092096684,3.9097364058225597,
3,16,0.125,12,53,4.307688757083956,4.102222444300939,
3,17,0.125,12,53,4.507884570757347,4.350273058087594,
3,18,0.125,12,53,4.732970540562852,4.593412061747195,
3,19,0.125,12,53,5.056915676879989,4.8857400789460605,
3,20,0.125,12,53,5.396102515030357,5.133548458767892,
3,21,0.125,12,53,5.760151144864253,5.435035552484855,
3,22,0.125,12,53,5.944157704224435,5.676687355166756,
3,23,0.125,12,53,6.15302310985571,5.921829415398197,
3,24,0.125,12,53,6.4993724944373845,6.174877752514135,
3,25,0.125,12,53,6.793066254624606,6.496801212082389,
3,26,0.125,12,53,6.953856028523048,6.69450357015971,
3,27,0.125,12,53,7.150732042502057,6.943373256994225,
3,28,0.125,12,53,7.460062035320592,7.119967121834056,
3,29,0.125,12,53,7.739791030391756,7.35815709172865,
3,30,0.125,12,53,8.07965754866675,7.551397182722434,
3,31,0.125,12,53,8.339503638065107,7.765599762603512,
3,32,0.125,12,53,8.624834041498822,8.045723609414738,
3,33,0.125,12,53,8.889089134917311,8.321209061493883,
3,34,0.125,12,53,9.210922418313961,8.525862606995464,
3,35,0.125,12,53,9.539163479515029,8.770656566910446,
3,36,0.125,12,53,9.801882733566407,8.981274471706516,
3,37,0.125,12,53,10.0160308024502,9.240860257958168,
3,38,0.125,12,53,10.207150912681088,9.454650691443934,
3,39,0.125,12,53,10.437122860679548,9.726404060890806,
3,40,0.125,12,53,10.592173223053267,9.93446654381826,
3,41,0.125,12,53,10.889343868011983,10.176464511128914,
3,42,0.125,12,53,11.147093142024046,10.37711474205932,
3,43,0.125,12,53,11.433144711493016,10.634911554573904,
3,44,0.125,12,53,11.652585103725961,10.872214412565198,
3,45,0.125,12,53,11.958863826273026,11.149794606256446,
3,46,0.125,12,53,12.183802824668426,11.3958541560866,
3,47,0.125,12,53,12.408098822249876,11.615660062894538,
3,48,0.125,12,53,12.781826287005899,11.846168524606844,
3,49,0.125,12,53,12.98039662270232,12.139513465765639,
3,50,0.125,12,53,13.202011992224236,12.374345549811963,
3,51,0.125,12,53,13.545729367604663,12.636036472050694,
3,52,0.125,12,53,13.831852715596156,12.900231713034499,
3,53,0.125,12,53,14.074703044603625,13.164004871021861,
3,54,0.125,12,53,14.401710124139173,13.417867500798266,
3,55,0.125,12,53,14.65819138217583,13.683413334951325,
3,56,0.125,12,53,14.956312663075098,13.965917106859562,
3,57,0.125,12,53,15.16513514894293,14.218848200379423,
3,58,0.125,12,53,15.297853080665282,14.482535825469656,
3,59,0.125,12,53,15.574819541637154,14.67427434542741,
3,60,0.125,12,53,15.866704890738072,14.950033886546096,
3,61,0.125,12,53,16.09904642537466,15.247110383095805,
3,62,0.125,12,53,16.26970489062706,15.469176489995725,
3,63,0.125,12,53,16.52477480435463,15.716464040961847,
3,64,0.125,12,53,16.76655121958699,15.970226064380094,
3,65,0.125,12,53,16.969178657546177,16.230006687372377,
3,66,0.125,12,53,17.304162895674022,16.511140237432496,
3,67,0.125,12,53,17.50496837768193,16.702863737569842,
3,68,0.125,12,53,17.808194176957866,16.95145221742265,
3,69,0.125,12,53,18.0038778504941,17.15081791099373,
3,70,0.125,12,53,18.270521527832994,17.4079798631313,
3,71,0.125,12,53,18.575719687899014,17.69945140140304,
3,72,0.125,12,53,18.839037840876056,17.93774556690774,
3,73,0.125,12,53,19.069741786367757,18.139523241728917,
3,74,0.125,12,53,19.266682808129808,18.38171976256038,
3,75,0.125,12,53,19.486185695533425,18.58104602625595,
3,76,0.125,12,53,19.84616784018348,18.816710289388276,
3,77,0.125,12,53,20.011671517527372,19.100638127561673,
3,78,0.125,12,53,20.231288583769782,19.31619136032185,
3,79,0.125,12,53,20.452097114175423,19.493143667023904,
3,80,0.125,12,53,20.641050667508047,19.70130474480756,
3,81,0.125,12,53,20.91395791760357,19.89876437255612,
3,82,0.125,12,53,21.136278018897816,20.138521559296628,
3,83,0.125,12,53,21.502450860745512,20.34934266157542,
3,84,0.125,12,53,21.78255823866867,20.631640682280572,
3,85,0.125,12,53,22.072843066906955,20.9325121941909,
3,86,0.125,12,53,22.271601094121934,21.225759496905564,
3,87,0.125,12,53,22.465736356563543,21.411997147531007,
3,88,0.125,12,53,22.7592892209359,21.671275829365307,
3,89,0.125,12,53,23.215457029212924,21.917148305552928,
3,90,0.125,12,53,23.51878244189977,22.185830385955672,
3,91,0.125,12,53,23.726411308365016,22.41894090125235,
3,92,0.125,12,53,24.023102260196293,22.631970138170146,
3,93,0.125,12,53,24.1115844035433,22.940794756609545,
3,94,0.125,12,53,24.443878333454624,23.20201634480811,
3,95,0.125,12,53,24.701135885469593,23.525598705768466,
3,96,0.125,12,53,24.866911882800547,23.796666403768025,
3,97,0.125,12,53,25.103977277621023,24.107767360740596,
3,98,0.125,12,53,25.294985917023116,24.36858425591016,
3,99,0.125,12,53,25.538330484958095,24.605286331262135,
3,100,0.125,12,53,25.778206312890745,24.846799808867654,
4,0,0.125,13,52,0.0,0.0,
4,1,0.125,13,52,0.38429336123741586,0.27974050480585844,
4,2,0.125,13,52,0.7210671464984233,0.5344238388996858,
4,3,0.125,13,52,1.07691308340201,0.7804026878797095,
4,4,0.125,13,52,1.3090137874850858,1.0520125703169751,
4,5,0.125,13,52,1.612138075897327,1.2661614609452398,
4,6,0.125,13,52,1.87308420664989,1.5039095573700398,
4,7,0.125,13,52,2.090078497513574,1.7147323190560244,
4,8,0.125,13,52,2.4237795948347243,1.8858467941872818,
4,9,0.125,13,52,2.633146030387617,2.1147337059204947,
4,10,0.125,13,52,2.9216387928820566,2.375533038137216,
4,11,0.125,13,52,3.227223618686444,2.643769793642494,
4,12,0.125,13,52,3.4529723369103844,2.861371558044574,
4,13,0.125,13,52,3.6481649712331596,3.1234663977152435,
4,14,0.125,13,52,3.8502874549562227,3.332726756337391,
4,15,0.125,13,52,4.156595873836762,3.604905069133664,
4,16,0.125,13,52,4.461286414648153,3.8282623924461725,
4,17,0.125,13,52,4.756035462038649,4.074512213779972,
4,18,0.125,13,52,4.927846457345175,4.341892448493412,
4,19,0.125,13,52,5.245720331376448,4.603697330580625,
4,20,0.125,13,52,5.55283101895202,4.808372138148356,
4,21,0.125,13,52,5.767403147230547,5.054659827114573,
4,22,0.125,13,52,6.006581217092816,5.347274267043564,
4,23,0.125,13,52,6.176434116328847,5.597753496131235,
4,24,0.125,13,52,6.460099901481091,5.8417336347520585,
4,25,0.125,13,52,6.787424149558575,6.117116334180521,
4,26,0.125,13,52,6.961796777139939,6.386191241715144,
4,27,0.125,13,52,7.307786967205199,6.656380845976589,
4,28,0.125,13,52,7.505398168427087,6.95324107319417,
4,29,0.125,13,52,7.90630038382079,7.233995119435821,
4,30,0.125,13,52,8.196713561750716,7.505397234935651,
4,31,0.125,13,52,8.524518977238706,7.72503661282049,
4,32,0.125,13,52,8.748561920735325,8.004205887326837,
4,33,0.125,13,52,8.95625622568946,8.20539816840588,
4,34,0.125,13,52,9.141646124407975,8.383358301186679,
4,35,0.125,13,52,9.482256533147545,8.655138579101166,
4,36,0.125,13,52,9.765036117271539,8.901735383387727,
4,37,0.125,13,52,10.01193336559468,9.079427820765567,
4,38,0.125,13,52,10.321092653961308,9.34862552394522,
4,39,0.125,13,52,10.651772095015803,9.607931599667198,
4,40,0.125,13,52,10.946539557225748,9.80844344023929,
4,41,0.125,13,52,11.339588662624623,10.058380631009815,
4,42,0.125,13,52,11.580442422372654,10.342204019454856,
4,43,0.125,13,52,11.930922790122377,10.547995165305853,
4,44,0.125,13,52,12.290658722319556,10.767498352121692,
4,45,0.125,13,52,12.571138342307949,11.020505140520498,
4,46,0.125,13,52,12.824811179221351,11.250115252519144,
4,47,0.125,13,52,13.051127600064818,11.495246900487542,
4,48,0.125,13,52,13.395561633368688,11.778796482736018,
4,49,0.125,13,52,13.522025543371617,11.958813645395695,
4,50,0.125,13,52,13.914143795499534,12.210034062907965,
4,51,0.125,13,52,14.21938680111662,12.41233886953316,
4,52,0.125,13,52,14.626953002134844,12.601307427513849,
4,53,0.125,13,52,14.965772333353433,12.893538198987786,
4,54,0.125,13,52,15.252364474048154,13.145435278587334,
4,55,0.125,13,52,15.58038277080217,13.315848231679919,
4,56,0.125,13,52,15.825206092849273,13.561860840703389,
4,57,0.125,13,52,16.09273576939928,13.78071297540471,
4,58,0.125,13,52,16.344429156210587,14.000101857395622,
4,59,0.125,13,52,16.637691057520065,14.217281164676447,
4,60,0.125,13,52,16.87608612763424,14.458833751736933,
4,61,0.125,13,52,17.177415811443364,14.723499592213049,
4,62,0.125,13,52,17.46378278152295,14.994938446885357,
4,63,0.125,13,52,17.69550428601443,15.26241820618037,
4,64,0.125,13,52,18.003534747159705,15.488498381204769,
4,65,0.125,13,52,18.211125471243886,15.708369424046266,
4,66,0.125,13,52,18.38086883059719,15.947397730863681,
4,67,0.125,13,52,18.694388436054886,16.165206029213522,
4,68,0.125,13,52,19.03251677896028,16.40933381314202,
4,69,0.125,13,52,19.323286521873026,16.682471402382347,
4,70,0.125,13,52,19.6351879051195,16.9272467080576,
4,71,0.125,13,52,19.873389313506173,17.148357700477888,
4,72,0.125,13,52,20.156354436915933,17.422918399665935,
4,73,0.125,13,52,20.291762516777677,17.63519064296834,
4,74,0.125,13,52,20.617938568169514,17.895472384907517,
4,75,0.125,13,52,20.905559160889432,18.13371443228351,
4,76,0.125,13,52,21.221017006188593,18.38410988073203,
4,77,0.125,13,52,21.426332410008147,18.599413127643302,
4,78,0.125,13,52,21.71493839102895,18.810858044904254,
4,79,0.125,13,52,22.05025299308572,19.114708397745332,
4,80,0.125,13,52,22.510391897569896,19.287613910791517,
4,81,0.125,13,52,22.840724608748744,19.516113405860658,
4,82,0.125,13,52,23.03613200129235,19.715867854620917,
4,83,0.125,13,52,23.38913880444545,19.95458345876898,
4,84,0.125,13,52,23.632540901091108,20.211449006431117,
4,85,0.125,13,52,23.940221834152037,20.494895972288777,
4,86,0.125,13,52,24.19810054720485,20.747321733431917,
4,87,0.125,13,52,24.51017804977885,21.061001349956502,
4,88,0.125,13,52,24.79946402096897,21.34501769512278,
4,89,0.125,13,52,25.249291318733583,21.577774011755686,
4,90,0.125,13,52,25.49824533757,21.82729511844075,
4,91,0.125,13,52,25.81480795047891,22.03056047827965,
4,92,0.125,13,52,26.168880315588357,22.270697170969704,
4,93,0.125,13,52,26.379764072717897,22.51930793333434,
4,94,0.125,13,52,26.612503974014867,22.76050716934233,
4,95,0.125,13,52,26.92471328908607,22.984430206933993,
4,96,0.125,13,52,27.29514787115352,23.228260617386187,
4,97,0.125,13,52,27.48491744563464,23.436581086068266,
4,98,0.125,13,52,27.76639526126016,23.65926799055582,
4,99,0.125,13,52,28.121376196882586,23.883823015877837,
4,100,0.125,13,52,28.416863284763824,24.082823530965754,
5,0,0.125,16,49,0.0,0.0,
5,1,0.125,16,49,0.22197184041142465,0.23835059732806912,
5,2,0.125,16,49,0.44318216089159246,0.5318736559274246,
5,3,0.125,16,49,0.6849697186922032,0.8849526009997544,
5,4,0.125,16,49,0.9019989150886735,1.196109946406617,
5,5,0.125,16,49,1.2082924519006268,1.5058685387883863,
5,6,0.125,16,49,1.4167575107705643,1.7803901766940051,
5,7,0.125,16,49,1.6758860778379812,2.060452013113062,
5,8,0.125,16,49,1.9318993824383819,2.3090198828553676,
5,9,0.125,16,49,2.2678981753596936,2.5718570750896905,
5,10,0.125,16,49,2.525042752151865,2.751298116899515,
5,11,0.125,16,49,2.7162080127191035,3.0068843446896785,
5,12,0.125,16,49,2.957091472728892,3.224752563247362,
5,13,0.125,16,49,3.193034188929452,3.4312168610580374,
5,14,0.125,16,49,3.466287488846969,3.6955311001029454,
5,15,0.125,16,49,3.8121278532502534,4.017186417672301,
5,16,0.125,16,49,4.050515707357821,4.241750301956154,
5,17,0.125,16,49,4.383863408140332,4.555123853739363,
5,18,0.125,16,49,4.654255531992061,4.809792015248592,
5,19,0.125,16,49,4.8153848407091076,5.0280982131226715,
5,20,0.125,16,49,5.0481656102222185,5.256435973423576,
5,21,0.125,16,49,5.36636454292865,5.592575448411177,
5,22,0.125,16,49,5.60859384898852,5.914788389052232,
5,23,0.125,16,49,5.884692885916028,6.14039039705939,
5,24,0.125,16,49,6.22355955513764,6.373618675888743,
5,25,0.125,16,49,6.5349937960178295,6.687065640406533,
5,26,0.125,16,49,6.773789775928016,6.951056853404216,
5,27,0.125,16,49,7.184892786033237,7.290300187928214,
5,28,0.125,16,49,7.369878832575465,7.568703601359815,
5,29,0.125,16,49,7.5799915810958165,7.799760095966772,
5,30,0.125,16,49,7.889532156202009,8.097794666242436,
5,31,0.125,16,49,8.155451630799229,8.341419304042285,
5,32,0.125,16,49,8.352667207889573,8.63362654948388,
5,33,0.125,16,49,8.636398954380201,8.901091212075281,
5,34,0.125,16,49,8.926787420943347,9.151438987393664,
5,35,0.125,16,49,9.280130854767247,9.445841962602309,
5,36,0.125,16,49,9.63075307161198,9.746341730775935,
5,37,0.125,16,49,9.887747565566768,10.027733724642003,
5,38,0.125,16,49,10.090357299207763,10.240034822001936,
5,39,0.125,16,49,10.335527659301665,10.468770048972134,
5,40,0.125,16,49,10.593914812607578,10.73715717550137,
5,41,0.125,16,49,10.823991378413114,11.01533207290222,
5,42,0.125,16,49,11.020996850740236,11.274231911184703,
5,43,0.125,16,49,11.338610537381339,11.521700361171936,
5,44,0.125,16,49,11.507619712347399,11.834368097697793,
5,45,0.125,16,49,11.690735346945162,12.208728732909838,
5,46,0.125,16,49,11.95070542797089,12.501182970274009,
5,47,0.125,16,49,12.209603560002666,12.77405435921089,
5,48,0.125,16,49,12.35770835070311,13.04164396084569,
5,49,0.125,16,49,12.587128351136752,13.309573139743014,
5,50,0.125,16,49,12.841285631844253,13.604567254687225,
5,51,0.125,16,49,13.087915484608489,13.874922597657147,
5,52,0.125,16,49,13.390060721778902,14.18081951627042,
5,53,0.125,16,49,13.547084673166058,14.476928193258514,
5,54,0.125,16,49,13.76663064543941,14.707233596397709,
5,55,0.125,16,49,13.878209873899118,15.023273196978291,
5,56,0.125,16,49,14.142318502123432,15.299410147475253,
5,57,0.125,16,49,14.32080131427913,15.578206580489937,
5,58,0.125,16,49,14.539172566642739,15.848402960974855,
5,59,0.125,16,49,14.7462685752426,16.154898954299654,
5,60,0.125,16,49,15.074737924072911,16.450045484076618,
5,61,0.125,16,49,15.338745365652976,16.75785772735615,
5,62,0.125,16,49,15.626289448087705,17.010893715460902,
5,63,0.125,16,49,15.890106718560325,17.289457092914375,
5,64,0.125,16,49,16.139676319721595,17.630946449431057,
5,65,0.125,16,49,16.36215771309124,17.917923759064163,
5,66,0.125,16,49,16.61820359561107,18.17590644536813,
5,67,0.125,16,49,16.903794646003174,18.412421282530502,
5,68,0.125,16,49,17.22726670030586,18.65994401033939,
5,69,0.125,16,49,17.566508520395136,18.92553593030156,
5,70,0.125,16,49,17.85451352875997,19.25250914437325,
5,71,0.125,16,49,18.070062159858864,19.554678535250478,
5,72,0.125,16,49,18.27611991100921,19.79502011511388,
5,73,0.125,16,49,18.593813237828197,19.997779713344507,
5,74,0.125,16,49,18.867348144002758,20.335077700745956,
5,75,0.125,16,49,19.16215801063109,20.66490430601409,
5,76,0.125,16,49,19.464697140507994,20.98431765353237,
5,77,0.125,16,49,19.794046981792924,21.291080366384573,
5,78,0.125,16,49,20.01299009830163,21.584107708844005,
5,79,0.125,16,49,20.249997948407774,21.858661473560446,
5,80,0.125,16,49,20.501902984599063,22.05953238489039,
5,81,0.125,16,49,20.803209884847444,22.29520086963262,
5,82,0.125,16,49,21.00700770595683,22.594141236077224,
5,83,0.125,16,49,21.29467686583305,22.81427157335368,
5,84,0.125,16,49,21.54295748648793,23.09094313451364,
5,85,0.125,16,49,21.826705154966618,23.41178682777281,
5,86,0.125,16,49,22.207153237188272,23.692665566961416,
5,87,0.125,16,49,22.415378800699667,23.98044000535801,
5,88,0.125,16,49,22.599373309985577,24.237897267632345,
5,89,0.125,16,49,22.85963845308907,24.480263978120032,
5,90,0.125,16,49,23.098598162750385,24.856433027177587,
5,91,0.125,16,49,23.30071295061596,25.154037839699516,
5,92,0.125,16,49,23.711768287928297,25.457970333686184,
5,93,0.125,16,49,23.913127867145512,25.73824486055055,
5,94,0.125,16,49,24.181312909050934,26.052303415090503,
5,95,0.125,16,49,24.410197841267905,26.27507307721553,
5,96,0.125,16,49,24.589394502856564,26.577849956568674,
5,97,0.125,16,49,24.79614538797936,26.860671212563407,
5,98,0.125,16,49,25.0415137817355,27.169422537358024,
5,99,0.125,16,49,25.298052211280567,27.414652312303296,
5,100,0.125,16,49,25.428731005281197,27.698885744804446,
1,0,0.25,14,51,0.0,0.0,
1,1,0.25,14,51,0.2990560650825501,0.2778952205882351,
1,2,0.25,14,51,0.5637418465954916,0.557931847198337,
1,3,0.25,14,51,0.8442378563540325,0.7907221881782304,
1,4,0.25,14,51,1.172182138477053,1.064964694237592,
1,5,0.25,14,51,1.4167246392795019,1.2955363359375325,
1,6,0.25,14,51,1.6033758754176752,1.4981783748438704,
1,7,0.25,14,51,1.8466497622430325,1.7869243883335912,
1,8,0.25,14,51,2.1098328846905914,2.0440103001734866,
1,9,0.25,14,51,2.3426693293498366,2.3140785531042756,
1,10,0.25,14,51,2.667234576167111,2.6194325855484704,
1,11,0.25,14,51,2.967234943055171,2.900275872877728,
1,12,0.25,14,51,3.2351823572722744,3.1654150466295503,
1,13,0.25,14,51,3.5267470266409378,3.4041338500996448,
1,14,0.25,14,51,3.8214074456213933,3.667997527245707,
1,15,0.25,14,51,4.065312870747424,3.879480358621326,
1,16,0.25,14,51,4.2597219610759645,4.1250980005231295,
1,17,0.25,14,51,4.5583229849181,4.402499220920158,
1,18,0.25,14,51,4.798594478575055,4.683871604898449,
1,19,0.25,14,51,5.09077226763418,5.01336603483913,
1,20,0.25,14,51,5.420591408343315,5.294059758308188,
1,21,0.25,14,51,5.663594029756503,5.557804414237337,
1,22,0.25,14,51,5.93216745693586,5.80997751771248,
1,23,0.25,14,51,6.084973265876356,5.995242894784749,
1,24,0.25,14,51,6.272781171588803,6.202783319234789,
1,25,0.25,14,51,6.485570815220314,6.453234651143918,
1,26,0.25,14,51,6.744468937698928,6.700524986313873,
1,27,0.25,14,51,7.062413864602917,6.980160365463042,
1,28,0.25,14,51,7.32560245591183,7.241723599172759,
1,29,0.25,14,51,7.604571353822442,7.544541916497894,
1,30,0.25,14,51,7.83042672301727,7.769006259612063,
1,31,0.25,14,51,8.102340893864003,8.006387927291605,
1,32,0.25,14,51,8.317816954746009,8.266984770330193,
1,33,0.25,14,51,8.612733854970973,8.561907304052927,
1,34,0.25,14,51,8.839537050330868,8.795551321656621,
1,35,0.25,14,51,9.07976274930399,9.032194991934073,
1,36,0.25,14,51,9.27755107572562,9.305862261693097,
1,37,0.25,14,51,9.575611831802593,9.580446257299998,
1,38,0.25,14,51,9.823512403671499,9.78964813291999,
1,39,0.25,14,51,10.112950583649868,10.032199850747466,
1,40,0.25,14,51,10.372225954407893,10.27564657317791,
1,41,0.25,14,51,10.587431226478385,10.495098561722838,
1,42,0.25,14,51,10.851455734988912,10.780269306353446,
1,43,0.25,14,51,11.076217147437509,11.065601405768215,
1,44,0.25,14,51,11.287025097456308,11.303101611671693,
1,45,0.25,14,51,11.492567747307143,11.533065230057588,
1,46,0.25,14,51,11.74357767173476,11.842333796595367,
1,47,0.25,14,51,11.974122574351062,12.140876281420574,
1,48,0.25,14,51,12.158522336712537,12.360726482851755,
1,49,0.25,14,51,12.436911570841488,12.629871285111221,
1,50,0.25,14,51,12.62460519848155,12.831448392297556,
1,51,0.25,14,51,12.792751796958152,13.057716046871473,
1,52,0.25,14,51,13.022643358798474,13.276426317005809,
1,53,0.25,14,51,13.212417662645143,13.519919931555965,
1,54,0.25,14,51,13.394571129999091,13.798982937666946,
1,55,0.25,14,51,13.66104001021293,14.054617683417641,
1,56,0.25,14,51,13.937405034436551,14.273079489201221,
1,57,0.25,14,51,14.191775207525648,14.53428273523803,
1,58,0.25,14,51,14.381262502726438,14.79144787513229,
1,59,0.25,14,51,14.619031033195657,15.087559757718534,
1,60,0.25,14,51,14.883631294550861,15.386975701370478,
1,61,0.25,14,51,15.102227533531321,15.5984812756952,
1,62,0.25,14,51,15.348551129180574,15.90552039609644,
1,63,0.25,14,51,15.577723398797897,16.160799773382895,
1,64,0.25,14,51,15.817681721305082,16.438780475532727,
1,65,0.25,14,51,16.12373670728598,16.704690393959755,
1,66,0.25,14,51,16.312902914975,17.01127780438683,
1,67,0.25,14,51,16.533509138824954,17.27786311918674,
1,68,0.25,14,51,16.796470522182933,17.565551188247568,
1,69,0.25,14,51,16.992003661594783,17.81077023130513,
1,70,0.25,14,51,17.19964932986922,18.089061912785656,
1,71,0.25,14,51,17.48350544651091,18.350641343149974,
1,72,0.25,14,51,17.675400454585937,18.619064382092922,
1,73,0.25,14,51,17.875650074837356,18.863004362399725,
1,74,0.25,14,51,18.040697142415077,19.101387755470178,
1,75,0.25,14,51,18.29111085382873,19.40950357835418,
1,76,0.25,14,51,18.52385639036682,19.677443045613124,
1,77,0.25,14,51,18.856461463387156,19.913239215389495,
1,78,0.25,14,51,19.071684465571916,20.198296172755104,
1,79,0.25,14,51,19.325539917165177,20.507242290450815,
1,80,0.25,14,51,19.597837230613884,20.725561099443283,
1,81,0.25,14,51,19.84237699124309,21.009335261626205,
1,82,0.25,14,51,20.00728474866749,21.238497208312015,
1,83,0.25,14,51,20.193140594709142,21.475094832486214,
1,84,0.25,14,51,20.400978089980274,21.800036132503134,
1,85,0.25,14,51,20.54122572771543,22.001915040644352,
1,86,0.25,14,51,20.69635628239484,22.31059357110233,
1,87,0.25,14,51,20.992278392253304,22.533381881564978,
1,88,0.25,14,51,21.30325536080613,22.83082701609949,
1,89,0.25,14,51,21.53147539324458,23.10123728996114,
1,90,0.25,14,51,21.702447295996226,23.310161096652664,
1,91,0.25,14,51,21.96994990624965,23.578675921075398,
1,92,0.25,14,51,22.268436074170044,23.867975798790113,
1,93,0.25,14,51,22.526072281102625,24.16117863022452,
1,94,0.25,14,51,22.684646705545315,24.387510675708217,
1,95,0.25,14,51,22.91419206390452,24.67913099288684,
1,96,0.25,14,51,23.1525419407642,24.97157218240398,
1,97,0.25,14,51,23.431760501277697,25.18572062162926,
1,98,0.25,14,51,23.585197365836386,25.4365620676508,
1,99,0.25,14,51,23.757530011339078,25.625616135198822,
1,100,0.25,14,51,23.980124674656363,25.868027171226323,
2,0,0.25,13,52,0.0,0.0,
2,1,0.25,13,52,0.30521663794150716,0.2527519521804958,
2,2,0.25,13,52,0.5523180571886209,0.5198754393137421,
2,3,0.25,13,52,0.7679326314192553,0.7239108166442467,
2,4,0.25,13,52,1.035335372732236,0.9710169258599094,
2,5,0.25,13,52,1.2510712190889395,1.1710113581283044,
2,6,0.25,13,52,1.480429642762129,1.3708074633951313,
2,7,0.25,13,52,1.6096652261912825,1.557147388534503,
2,8,0.25,13,52,1.8474872739842305,1.8015087693740353,
2,9,0.25,13,52,1.9930528891583281,2.0114545932683785,
2,10,0.25,13,52,2.2055377265377234,2.174429754258634,
2,11,0.25,13,52,2.3871137334013053,2.3897612080026684,
2,12,0.25,13,52,2.5863620151787883,2.642990890421167,
2,13,0.25,13,52,2.8798254640851515,2.851713434969562,
2,14,0.25,13,52,3.1208553685574554,3.1045833230699356,
2,15,0.25,13,52,3.401160150320396,3.3190682288638405,
2,16,0.25,13,52,3.6956633364944764,3.570973445121505,
2,17,0.25,13,52,3.9453332637886636,3.8115669664052803,
2,18,0.25,13,52,4.214224743556652,3.977484749156419,
2,19,0.25,13,52,4.453754553142232,4.232346476298634,
2,20,0.25,13,52,4.682089160796261,4.492052516420004,
2,21,0.25,13,52,4.916882046544439,4.719436586962122,
2,22,0.25,13,52,5.202159411514652,4.9405575158402355,
2,23,0.25,13,52,5.457615901760064,5.146591012902116,
2,24,0.25,13,52,5.791181497229335,5.360870542210312,
2,25,0.25,13,52,6.009700077012871,5.504941955318824,
2,26,0.25,13,52,6.337772258941618,5.708289001522916,
2,27,0.25,13,52,6.606748929505079,5.939097167888467,
2,28,0.25,13,52,6.872006611751129,6.171702956670933,
2,29,0.25,13,52,7.20044327646553,6.3892612241612365,
2,30,0.25,13,52,7.503883401351893,6.615364791969648,
2,31,0.25,13,52,7.754062411076548,6.81125878377687,
2,32,0.25,13,52,8.064344500541468,7.043347026709421,
2,33,0.25,13,52,8.206480012568129,7.215618099129963,
2,34,0.25,13,52,8.485397427217396,7.410423003710771,
2,35,0.25,13,52,8.71777847587284,7.641991216088682,
2,36,0.25,13,52,9.008773509593523,7.912761981806209,
2,37,0.25,13,52,9.22907951527547,8.159716343070592,
2,38,0.25,13,52,9.472715343009845,8.341802300026112,
2,39,0.25,13,52,9.756743607744749,8.6077115473598,
2,40,0.25,13,52,10.053079553402581,8.82952304209564,
2,41,0.25,13,52,10.415428585032258,9.037290931103502,
2,42,0.25,13,52,10.629035101425435,9.26736197544982,
2,43,0.25,13,52,10.947158339901632,9.456908090553446,
2,44,0.25,13,52,11.20120025271773,9.677567807709526,
2,45,0.25,13,52,11.520813478291176,9.882763663039395,
2,46,0.25,13,52,11.708124338990181,10.07561009142272,
2,47,0.25,13,52,11.950095654582793,10.274585416397198,
2,48,0.25,13,52,12.319948901673229,10.507308785366858,
2,49,0.25,13,52,12.669837059440612,10.770371807401206,
2,50,0.25,13,52,12.931517375600466,10.978259772730336,
2,51,0.25,13,52,13.209083449884284,11.266599744086957,
2,52,0.25,13,52,13.39841240303289,11.462081052480375,
2,53,0.25,13,52,13.597961830335027,11.673901907945975,
2,54,0.25,13,52,13.751338316542576,11.899925772923497,
2,55,0.25,13,52,14.037839124769057,12.116736840616882,
2,56,0.25,13,52,14.237947313000985,12.32170395675494,
2,57,0.25,13,52,14.473032612256203,12.562196104884205,
2,58,0.25,13,52,14.818003130516528,12.774198233519785,
2,59,0.25,13,52,15.080516949808011,13.005609212237637,
2,60,0.25,13,52,15.491302587556707,13.201604784039066,
2,61,0.25,13,52,15.838921422774764,13.418448268398851,
2,62,0.25,13,52,16.077386934346592,13.623366392182701,
2,63,0.25,13,52,16.266042315265647,13.88386684195275,
2,64,0.25,13,52,16.56294854113512,14.075660543060557,
2,65,0.25,13,52,16.80924778268092,14.291294311327249,
2,66,0.25,13,52,16.976699914641,14.538215129143053,
2,67,0.25,13,52,17.194256047271157,14.805601300242731,
2,68,0.25,13,52,17.36856744068696,14.985481155944061,
2,69,0.25,13,52,17.60444605181793,15.304722485321301,
2,70,0.25,13,52,17.90311762461124,15.548322792439837,
2,71,0.25,13,52,18.211366807254027,15.724183900378069,
2,72,0.25,13,52,18.548718676656037,16.008458823669073,
2,73,0.25,13,52,18.79179890701752,16.251667331868735,
2,74,0.25,13,52,19.029245082995114,16.505748568714818,
2,75,0.25,13,52,19.30474901113884,16.726148255443672,
2,76,0.25,13,52,19.460863158770913,16.9046241838306,
2,77,0.25,13,52,19.648296842856993,17.115974266096224,
2,78,0.25,13,52,19.976629719884087,17.312545493185926,
2,79,0.25,13,52,20.31053083192507,17.51880768564431,
2,80,0.25,13,52,20.608593809670634,17.745181158852315,
2,81,0.25,13,52,21.017107125073473,17.924298725183505,
2,82,0.25,13,52,21.282224248810902,18.1716141112856,
2,83,0.25,13,52,21.60704316980916,18.42096773610267,
2,84,0.25,13,52,21.8657453667661,18.596846479470685,
2,85,0.25,13,52,22.106830154779985,18.81549975992476,
2,86,0.25,13,52,22.261355312314045,18.98409521234725,
2,87,0.25,13,52,22.483052909050294,19.22989210313817,
2,88,0.25,13,52,22.72165810183657,19.441702763543,
2,89,0.25,13,52,23.07144162890219,19.598152462296472,
2,90,0.25,13,52,23.37740638421303,19.822120837541487,
2,91,0.25,13,52,23.673412367948398,20.065514617859534,
2,92,0.25,13,52,23.915704893407266,20.28057017203353,
2,93,0.25,13,52,24.11689463792623,20.47745322860222,
2,94,0.25,13,52,24.334988384453183,20.708359719308458,
2,95,0.25,13,52,24.66902015533651,20.98383799371449,
2,96,0.25,13,52,24.86109757327514,21.201187875642315,
2,97,0.25,13,52,25.184763371562042,21.4668998422166,
2,98,0.25,13,52,25.554518096250774,21.741138769736022,
2,99,0.25,13,52,25.889201114160095,21.96425539233962,
2,100,0.25,13,52,26.257406913341427,22.20112294987521,
3,0,0.25,12,53,0.0,0.0,
3,1,0.25,12,53,0.25042816549539565,0.23601542936181127,
3,2,0.25,12,53,0.5804280216495195,0.549579280727315,
3,3,0.25,12,53,0.8892806584636369,0.8579559980698352,
3,4,0.25,12,53,1.172663404047489,1.1165627593139433,
3,5,0.25,12,53,1.4648518060644466,1.420517215413868,
3,6,0.25,12,53,1.7033054674665136,1.6497084801489454,
3,7,0.25,12,53,1.963272377848625,1.8912379626357916,
3,8,0.25,12,53,2.2179289852579434,2.180676651135314,
3,9,0.25,12,53,2.4571408700197934,2.4051138219733676,
3,10,0.25,12,53,2.680228185156981,2.6093012356086107,
3,11,0.25,12,53,3.0287084713578216,2.9248093649522695,
3,12,0.25,12,53,3.295742192533281,3.1743899345217357,
3,13,0.25,12,53,3.6095978210369757,3.4401895923905896,
3,14,0.25,12,53,3.8779262897041114,3.665126945002836,
3,15,0.25,12,53,4.143157015409734,3.923406660744362,
3,16,0.25,12,53,4.3839494427459105,4.157238882980895,
3,17,0.25,12,53,4.6374630482738,4.400638498014456,
3,18,0.25,12,53,4.871228464741985,4.6031216335494936,
3,19,0.25,12,53,5.15613579357612,4.915200919925701,
3,20,0.25,12,53,5.395552979210495,5.184799914423613,
3,21,0.25,12,53,5.6358203500224695,5.428250939736952,
3,22,0.25,12,53,5.832035036956788,5.666714328760785,
3,23,0.25,12,53,6.0374263976105595,5.9027222425952575,
3,24,0.25,12,53,6.28980393753249,6.134869577593876,
3,25,0.25,12,53,6.529612442194542,6.320361359503472,
3,26,0.25,12,53,6.88183374094833,6.5476119229343634,
3,27,0.25,12,53,7.074706306406397,6.743943424597594,
3,28,0.25,12,53,7.385249644015119,6.9563698085355625,
3,29,0.25,12,53,7.634008206679764,7.157509908447939,
3,30,0.25,12,53,7.831058165129964,7.364912059605459,
3,31,0.25,12,53,8.063597984197129,7.70041460681371,
3,32,0.25,12,53,8.280640087776055,7.966015655900271,
3,33,0.25,12,53,8.465797275262423,8.181289158178801,
3,34,0.25,12,53,8.780670673055758,8.462355998191994,
3,35,0.25,12,53,9.059520401736357,8.70658802815763,
3,36,0.25,12,53,9.33218723900904,8.948031847408801,
3,37,0.25,12,53,9.5113607679675,9.133078291518178,
3,38,0.25,12,53,9.80496523018273,9.357534729007407,
3,39,0.25,12,53,10.073603650518846,9.635235315352608,
3,40,0.25,12,53,10.279349041243053,9.842850271419048,
3,41,0.25,12,53,10.507007762937608,10.105078666194284,
3,42,0.25,12,53,10.728391485865364,10.332829769852793,
3,43,0.25,12,53,10.95913527133508,10.607956495529034,
3,44,0.25,12,53,11.272673540415584,10.858404383124814,
3,45,0.25,12,53,11.474349720678534,11.041562507289328,
3,46,0.25,12,53,11.571129232827028,11.289967107139308,
3,47,0.25,12,53,11.865157578588475,11.563290544044479,
3,48,0.25,12,53,12.086673006122995,11.82868707747558,
3,49,0.25,12,53,12.373841526821948,12.08965183415637,
3,50,0.25,12,53,12.610122538924664,12.321745901240337,
3,51,0.25,12,53,12.880630755017812,12.597225261186448,
3,52,0.25,12,53,13.146070976172927,12.84408130312233,
3,53,0.25,12,53,13.30974050250954,13.083873471086438,
3,54,0.25,12,53,13.569654553703984,13.373105398872953,
3,55,0.25,12,53,13.916893421158393,13.615009969364703,
3,56,0.25,12,53,14.187948060861565,13.910780395270162,
3,57,0.25,12,53,14.4462865634793,14.200615395431615,
3,58,0.25,12,53,14.696447776800042,14.490861975941495,
3,59,0.25,12,53,15.018822527715686,14.80509548960672,
3,60,0.25,12,53,15.219297509343534,15.000944218557375,
3,61,0.25,12,53,15.335672898106075,15.212656917250168,
3,62,0.25,12,53,15.621020697677915,15.531213584847857,
3,63,0.25,12,53,15.864233085533206,15.802006460830919,
3,64,0.25,12,53,16.013786593507113,16.078339486499246,
3,65,0.25,12,53,16.263123529587904,16.362140536729523,
3,66,0.25,12,53,16.533848008473736,16.62954136529062,
3,67,0.25,12,53,16.776975576740632,16.800740992931757,
3,68,0.25,12,53,17.10926471190707,16.998642072723012,
3,69,0.25,12,53,17.380203811536518,17.210179611007774,
3,70,0.25,12,53,17.67195770956432,17.44895169957392,
3,71,0.25,12,53,17.945364364027352,17.681647225325293,
3,72,0.25,12,53,18.145392652187276,17.909669228736774,
3,73,0.25,12,53,18.276298106691193,18.106035517721658,
3,74,0.25,12,53,18.60916586053554,18.346597581072274,
3,75,0.25,12,53,18.774286364367978,18.590532157595117,
3,76,0.25,12,53,19.07858057357767,18.82781597282447,
3,77,0.25,12,53,19.33988379437285,19.12325654905368,
3,78,0.25,12,53,19.519261585131936,19.33964560665308,
3,79,0.25,12,53,19.733816912493985,19.590833353344678,
3,80,0.25,12,53,19.99204798550939,19.875281618350193,
3,81,0.25,12,53,20.299544106984794,20.128083718087723,
3,82,0.25,12,53,20.52674546056475,20.437972130856764,
3,83,0.25,12,53,20.806639581740775,20.727336337093007,
3,84,0.25,12,53,21.149451034344803,20.97013969316567,
3,85,0.25,12,53,21.430878571906202,21.244646951221124,
3,86,0.25,12,53,21.650586702059204,21.556169831526454,
3,87,0.25,12,53,21.94729920297699,21.82225197643387,
3,88,0.25,12,53,22.206969712730615,22.118853908046436,
3,89,0.25,12,53,22.446219516633505,22.384274060561978,
3,90,0.25,12,53,22.633623612933974,22.679065900698046,
3,91,0.25,12,53,22.83460875876847,22.914552752418153,
3,92,0.25,12,53,23.045746633488353,23.11834603897916,
3,93,0.25,12,53,23.249604541738137,23.411485573107097,
3,94,0.25,12,53,23.488679310073525,23.722338780822902,
3,95,0.25,12,53,23.744006678056948,23.934037297925588,
3,96,0.25,12,53,24.01674508464575,24.26685609855621,
3,97,0.25,12,53,24.230818384985124,24.57059304486019,
3,98,0.25,12,53,24.508947510909305,24.822151771619087,
3,99,0.25,12,53,24.75406974174359,25.051121177069444,
3,100,0.25,12,53,24.886591576003227,25.31749576555323,
4,0,0.25,13,52,0.0,0.0,
4,1,0.25,13,52,0.38429336123741586,0.27974050480585844,
4,2,0.25,13,52,0.7210671464984233,0.5344238388996858,
4,3,0.25,13,52,1.07691308340201,0.7804026878797095,
4,4,0.25,13,52,1.3090137874850858,1.0520125703169751,
4,5,0.25,13,52,1.612138075897327,1.264125892405327,
4,6,0.25,13,52,1.8801773684529157,1.4994326449357551,
4,7,0.25,13,52,2.125733661536987,1.7216129214491973,
4,8,0.25,13,52,2.4074966795185038,1.9169553010288867,
4,9,0.25,13,52,2.734443578103174,2.1281251096914087,
4,10,0.25,13,52,3.031061176500459,2.3856282101871167,
4,11,0.25,13,52,3.2822840571258762,2.5879845266228108,
4,12,0.25,13,52,3.528082766726887,2.773260788991217,
4,13,0.25,13,52,3.74923177276407,2.990271617307829,
4,14,0.25,13,52,3.972215436519321,3.2475242080500033,
4,15,0.25,13,52,4.209749798268605,3.5140336437523,
4,16,0.25,13,52,4.531985076537279,3.7644928133853477,
4,17,0.25,13,52,4.900172770198708,4.0874437605966785,
4,18,0.25,13,52,5.217491444654836,4.351240839888411,
4,19,0.25,13,52,5.517546189278031,4.534922943064752,
4,20,0.25,13,52,5.683635242908026,4.731563187766233,
4,21,0.25,13,52,5.993028418164183,4.978694350385063,
4,22,0.25,13,52,6.278406349655109,5.182652656472909,
4,23,0.25,13,52,6.586995130392527,5.412944102711203,
4,24,0.25,13,52,6.809576285700747,5.635766302868376,
4,25,0.25,13,52,7.036133944020822,5.85884048049383,
4,26,0.25,13,52,7.299915398900367,6.111899946048417,
4,27,0.25,13,52,7.5136532079735066,6.344854738357597,
4,28,0.25,13,52,7.777574466682305,6.596674963845329,
4,29,0.25,13,52,8.055825155502363,6.834872196418236,
4,30,0.25,13,52,8.237168698645798,7.098612544962515,
4,31,0.25,13,52,8.588791587625563,7.4197488469831505,
4,32,0.25,13,52,8.902889783403223,7.675656186651513,
4,33,0.25,13,52,9.258233184653166,7.872480767783873,
4,34,0.25,13,52,9.578729553607415,8.127079283172044,
4,35,0.25,13,52,9.819785373296353,8.307093200229021,
4,36,0.25,13,52,10.024815625779741,8.504293954329562,
4,37,0.25,13,52,10.275790958120004,8.70312216317011,
4,38,0.25,13,52,10.679203972120728,8.919744386227215,
4,39,0.25,13,52,11.007934080131053,9.133009691689168,
4,40,0.25,13,52,11.21650678824303,9.355742236634486,
4,41,0.25,13,52,11.539198563079667,9.647396207818154,
4,42,0.25,13,52,11.744140355897956,9.92468385253428,
4,43,0.25,13,52,12.082120216765194,10.179662368753469,
4,44,0.25,13,52,12.322281290282927,10.432855047059897,
4,45,0.25,13,52,12.622218646050813,10.672020273796743,
4,46,0.25,13,52,12.99004124970903,10.953235841190644,
4,47,0.25,13,52,13.33101152336515,11.184711856970221,
4,48,0.25,13,52,13.663313150444857,11.407900299869898,
4,49,0.25,13,52,13.964130108426541,11.63911498436842,
4,50,0.25,13,52,14.305873467759357,11.869169017426527,
4,51,0.25,13,52,14.710271875725432,12.084640821495507,
4,52,0.25,13,52,14.956850525301284,12.360113921563027,
4,53,0.25,13,52,15.20061095150134,12.598862722760778,
4,54,0.25,13,52,15.441266310945517,12.842528149617229,
4,55,0.25,13,52,15.78391415410883,13.090536874932694,
4,56,0.25,13,52,15.990071466061776,13.33124182591828,
4,57,0.25,13,52,16.271901746378294,13.567564960496107,
4,58,0.25,13,52,16.602981594787078,13.712287497245025,
4,59,0.25,13,52,16.895372927262216,14.004553197652431,
4,60,0.25,13,52,17.292539998248852,14.277239883457955,
4,61,0.25,13,52,17.6744361608795,14.584341114690073,
4,62,0.25,13,52,17.89237626573516,14.791518639303918,
4,63,0.25,13,52,18.21827569519829,14.984739240906283,
4,64,0.25,13,52,18.4494221166293,15.184199981004667,
4,65,0.25,13,52,18.745261142235954,15.400064669184463,
4,66,0.25,13,52,19.033424675803392,15.62218367830555,
4,67,0.25,13,52,19.327625810284044,15.918337313788884,
4,68,0.25,13,52,19.717581231001002,16.112045828917818,
4,69,0.25,13,52,20.0504428807372,16.31546680683829,
4,70,0.25,13,52,20.399054464216622,16.595425945386975,
4,71,0.25,13,52,20.68475523695744,16.853997968211463,
4,72,0.25,13,52,20.886253691903736,17.10071514742541,
4,73,0.25,13,52,21.193773721310812,17.341468012121222,
4,74,0.25,13,52,21.514850499002417,17.53279289600839,
4,75,0.25,13,52,21.77358027924705,17.791951916746847,
4,76,0.25,13,52,21.97025723069368,18.092843147382013,
4,77,0.25,13,52,22.168266356971102,18.33817916687243,
4,78,0.25,13,52,22.38543055796056,18.58210426650232,
4,79,0.25,13,52,22.776688237897893,18.86549648134976,
4,80,0.25,13,52,23.052602070560454,19.138895860224558,
4,81,0.25,13,52,23.45715083275143,19.43248494397247,
4,82,0.25,13,52,23.636530501784627,19.67935155947766,
4,83,0.25,13,52,23.87530449402805,19.97760071073912,
4,84,0.25,13,52,24.163069162735454,20.186263353188835,
4,85,0.25,13,52,24.52893155980569,20.416809282099827,
4,86,0.25,13,52,24.804329186885134,20.71430232819976,
4,87,0.25,13,52,25.303910841874906,21.013293612788193,
4,88,0.25,13,52,25.742544276394955,21.260631671222317,
4,89,0.25,13,52,26.09991564696616,21.504571763303616,
4,90,0.25,13,52,26.468774698563454,21.734223096973537,
4,91,0.25,13,52,26.71906641363595,21.965170847343522,
4,92,0.25,13,52,27.06518749859059,22.21393560308233,
4,93,0.25,13,52,27.267214856864932,22.499393083116146,
4,94,0.25,13,52,27.489310267111478,22.65621617302489,
4,95,0.25,13,52,27.874005855618535,22.904920523557344,
4,96,0.25,13,52,28.07272161485686,23.156820993946504,
4,97,0.25,13,52,28.378065105996527,23.399664826959167,
4,98,0.25,13,52,28.712651235949256,23.65611030810157,
4,99,0.25,13,52,28.997127397483844,23.90787945636582,
4,100,0.25,13,52,29.23974710407724,24.155059484141695,
5,0,0.25,16,49,0.0,0.0,
5,1,0.25,16,49,0.22197184041142465,0.23835059732806912,
5,2,0.25,16,49,0.44318216089159246,0.5318736559274246,
5,3,0.25,16,49,0.6774110654368996,0.8849526009997544,
5,4,0.25,16,49,0.9246797302737831,1.196109946406617,
5,5,0.25,16,49,1.1969083178241309,1.514315559547774,
5,6,0.25,16,49,1.397960908381503,1.798688328387787,
5,7,0.25,16,49,1.6977295551603102,2.0757662591885544,
5,8,0.25,16,49,1.9391313359754934,2.3245199375006615,
5,9,0.25,16,49,2.2396558368263477,2.5819450910116606,
5,10,0.25,16,49,2.4733078581905255,2.7708866317125453,
5,11,0.25,16,49,2.7623889265009556,3.0781666512401045,
5,12,0.25,16,49,3.0612657018160956,3.3306189382173503,
5,13,0.25,16,49,3.3136000167817365,3.6005672930636115,
5,14,0.25,16,49,3.619319885726218,3.9028269786157592,
5,15,0.25,16,49,3.9915243749586495,4.2035833503796685,
5,16,0.25,16,49,4.246448829996347,4.46869771599496,
5,17,0.25,16,49,4.468934487215364,4.792176789394178,
5,18,0.25,16,49,4.744262498269236,5.057262029379537,
5,19,0.25,16,49,4.976694644720957,5.302601249663459,
5,20,0.25,16,49,5.149935982279755,5.52374974237859,
5,21,0.25,16,49,5.434425602459051,5.8748144034903556,
5,22,0.25,16,49,5.673740281939723,6.173301655559092,
5,23,0.25,16,49,5.917892269086489,6.453179260723305,
5,24,0.25,16,49,6.197831974394588,6.7146538173567984,
5,25,0.25,16,49,6.4980480474558755,7.011361104388697,
5,26,0.25,16,49,6.7435949645934645,7.323207554741693,
5,27,0.25,16,49,7.020164913742855,7.673006984727595,
5,28,0.25,16,49,7.269601948118896,7.93964700416431,
5,29,0.25,16,49,7.545414557910594,8.163237449564924,
5,30,0.25,16,49,7.8478916755382375,8.454445570753128,
5,31,0.25,16,49,8.024339942042744,8.747040057437545,
5,32,0.25,16,49,8.228554839539928,9.021692550820159,
5,33,0.25,16,49,8.378537589946054,9.305661293692978,
5,34,0.25,16,49,8.63459021689098,9.55618623710571,
5,35,0.25,16,49,9.004339056405685,9.86984260821006,
5,36,0.25,16,49,9.251102654305956,10.11344076883376,
5,37,0.25,16,49,9.493896836789682,10.367316937081112,
5,38,0.25,16,49,9.715868603016263,10.63553318919019,
5,39,0.25,16,49,10.081150961935794,10.860204996303128,
5,40,0.25,16,49,10.337404565512612,11.174342662565959,
5,41,0.25,16,49,10.609040341562734,11.432329763932128,
5,42,0.25,16,49,10.919054054460153,11.68023046082921,
5,43,0.25,16,49,11.163063391177133,12.001455486721472,
5,44,0.25,16,49,11.405667137108503,12.30468160597122,
5,45,0.25,16,49,11.671695922969906,12.573440756175863,
5,46,0.25,16,49,11.953432282023202,12.84615250337034,
5,47,0.25,16,49,12.17470972694877,13.135823709863576,
5,48,0.25,16,49,12.463520237349615,13.456279521881362,
5,49,0.25,16,49,12.720271287483317,13.75776320337961,
5,50,0.25,16,49,12.93814578078751,14.076029792932081,
5,51,0.25,16,49,13.231532584363386,14.37227512623925,
5,52,0.25,16,49,13.38346822942766,14.583259784482985,
5,53,0.25,16,49,13.60510416318979,14.865724269029513,
5,54,0.25,16,49,13.841746829624721,15.149346955445958,
5,55,0.25,16,49,14.036800371595984,15.386640075924879,
5,56,0.25,16,49,14.407054595721817,15.671678840529518,
5,57,0.25,16,49,14.644571908004954,16.008483319489017,
5,58,0.25,16,49,14.92208306350285,16.225560659927588,
5,59,0.25,16,49,15.16273822508039,16.507704362083402,
5,60,0.25,16,49,15.446188372341242,16.763321276550702,
5,61,0.25,16,49,15.666015463733505,17.039330921346654,
5,62,0.25,16,49,15.9262096539066,17.361576385954486,
5,63,0.25,16,49,16.197795591221023,17.609102296121364,
5,64,0.25,16,49,16.507569816286413,17.863394061563827,
5,65,0.25,16,49,16.77449251114511,18.18284512423062,
5,66,0.25,16,49,17.03753384811315,18.42744064623797,
5,67,0.25,16,49,17.21921089285528,18.677246501984023,
5,68,0.25,16,49,17.44592386738217,18.978116469774914,
5,69,0.25,16,49,17.735226260882595,19.207439599041013,
5,70,0.25,16,49,17.989817548019023,19.4460896044502,
5,71,0.25,16,49,18.223949580395296,19.637559265288797,
5,72,0.25,16,49,18.468359855549856,19.936752256647846,
5,73,0.25,16,49,18.666214813166107,20.224204406097027,
5,74,0.25,16,49,18.919775174028945,20.481069641432086,
5,75,0.25,16,49,19.15668010094378,20.791637423164044,
5,76,0.25,16,49,19.387828709360452,21.054104471899063,
5,77,0.25,16,49,19.64698237541272,21.334437866675867,
5,78,0.25,16,49,19.95021308753049,21.576407813806842,
5,79,0.25,16,49,20.17564619741596,21.840941757900133,
5,80,0.25,16,49,20.460199014117375,22.09585365899464,
5,81,0.25,16,49,20.69470445875236,22.29116471309386,
5,82,0.25,16,49,20.9386820125026,22.617847190548837,
5,83,0.25,16,49,21.240306931314365,22.882617364765757,
5,84,0.25,16,49,21.637010432926473,23.185437433849252,
5,85,0.25,16,49,21.98372552940607,23.453735309106847,
5,86,0.25,16,49,22.37842997232313,23.77120009143174,
5,87,0.25,16,49,22.647100568596343,24.022871406128004,
5,88,0.25,16,49,22.884394477870266,24.29059061302946,
5,89,0.25,16,49,23.083906969516672,24.581423477767586,
5,90,0.25,16,49,23.26530429166554,24.879289332783497,
5,91,0.25,16,49,23.53950671358313,25.17634800628578,
5,92,0.25,16,49,23.784019837515203,25.477213808696817,
5,93,0.25,16,49,24.030278335691232,25.782825460864387,
5,94,0.25,16,49,24.31611479152179,26.01445075606653,
5,95,0.25,16,49,24.607831849744784,26.323321991948617,
5,96,0.25,16,49,24.872698788429943,26.59553239316957,
5,97,0.25,16,49,25.09437024983956,26.85471450997366,
5,98,0.25,16,49,25.335547255251765,27.184355608437972,
5,99,0.25,16,49,25.630721474790295,27.46490250194435,
5,100,0.25,16,49,25.88714253061281,27.777473280162607,
1,0,0.5,14,51,0.0,0.0,
1,1,0.5,14,51,0.2990560650825501,0.2778952205882351,
1,2,0.5,14,51,0.5637418465954916,0.557931847198337,
1,3,0.5,14,51,0.8442378563540325,0.7907221881782304,
1,4,0.5,14,51,1.172182138477053,1.064964694237592,
1,5,0.5,14,51,1.4167246392795019,1.2955363359375325,
1,6,0.5,14,51,1.6033758754176752,1.4981783748438704,
1,7,0.5,14,51,1.8466497622430325,1.7840824024066826,
1,8,0.5,14,51,2.146846082913024,2.0422464805771403,
1,9,0.5,14,51,2.3733013256319926,2.3146938514821986,
1,10,0.5,14,51,2.653945772243397,2.6308922813835998,
1,11,0.5,14,51,2.908394186597849,2.9360897967077277,
1,12,0.5,14,51,3.160504204646817,3.207200633054308,
1,13,0.5,14,51,3.4222340991188362,3.4564645614290135,
1,14,0.5,14,51,3.7123729756634143,3.7226033160694314,
1,15,0.5,14,51,3.9445693727050504,3.9452716377899604,
1,16,0.5,14,51,4.167194874571369,4.2147212526463305,
1,17,0.5,14,51,4.423160049305961,4.443321001948209,
1,18,0.5,14,51,4.616724380624613,4.695664839534741,
1,19,0.5,14,51,4.909089151650135,5.014844907166218,
1,20,0.5,14,51,5.227156936044672,5.295779169787454,
1,21,0.5,14,51,5.436280116851308,5.542355925233844,
1,22,0.5,14,51,5.74211012049179,5.80664380230986,
1,23,0.5,14,51,5.985261365066149,6.090655087104213,
1,24,0.5,14,51,6.2752793390170805,6.4048089366197845,
1,25,0.5,14,51,6.50208846473002,6.627813170033096,
1,26,0.5,14,51,6.809398091943669,6.901257910292342,
1,27,0.5,14,51,7.047211126810205,7.128968199607187,
1,28,0.5,14,51,7.26564816155338,7.35590433436311,
1,29,0.5,14,51,7.4860803039345365,7.629129338318055,
1,30,0.5,14,51,7.714735080527942,7.828543242787659,
1,31,0.5,14,51,7.993997454856124,8.092748582253005,
1,32,0.5,14,51,8.22816594200475,8.332089990719117,
1,33,0.5,14,51,8.523553523776078,8.663992348715489,
1,34,0.5,14,51,8.784269867234288,8.966521670243294,
1,35,0.5,14,51,9.040004717487665,9.219446351859252,
1,36,0.5,14,51,9.30021004983712,9.462840202081585,
1,37,0.5,14,51,9.583354893415459,9.77106317157296,
1,38,0.5,14,51,9.77340946912411,9.983998640291702,
1,39,0.5,14,51,9.986922318211183,10.236778862159586,
1,40,0.5,14,51,10.223676523785773,10.492938760703696,
1,41,0.5,14,51,10.422729298399231,10.788360574628365,
1,42,0.5,14,51,10.691809768050112,11.056376795804997,
1,43,0.5,14,51,10.91256902810142,11.335012565308919,
1,44,0.5,14,51,11.09510922637502,11.590108209687719,
1,45,0.5,14,51,11.371334646923824,11.914910868388704,
1,46,0.5,14,51,11.568846691521774,12.169154884906993,
1,47,0.5,14,51,11.798459591008058,12.493267850592215,
1,48,0.5,14,51,12.019756109765288,12.70507009019224,
1,49,0.5,14,51,12.158646048961344,12.903175887778636,
1,50,0.5,14,51,12.375519837156336,13.136725848860507,
1,51,0.5,14,51,12.576883683709562,13.354380990333986,
1,52,0.5,14,51,12.797617047405359,13.617592526636338,
1,53,0.5,14,51,13.019181797352976,13.850230603672125,
1,54,0.5,14,51,13.209636482934558,14.101815242205868,
1,55,0.5,14,51,13.416866610501895,14.422478411558027,
1,56,0.5,14,51,13.654822616759203,14.598805809004288,
1,57,0.5,14,51,13.931639638313625,14.901500057447574,
1,58,0.5,14,51,14.190860824837971,15.19547656832007,
1,59,0.5,14,51,14.404512007429178,15.497850789036711,
1,60,0.5,14,51,14.693732224423659,15.810742043980131,
1,61,0.5,14,51,14.932247365001103,16.081370608596437,
1,62,0.5,14,51,15.23041354204373,16.357142845627827,
1,63,0.5,14,51,15.472326169121967,16.617645798586867,
1,64,0.5,14,51,15.686224466201939,16.839873869899407,
1,65,0.5,14,51,15.928810942238417,17.064421147845156,
1,66,0.5,14,51,16.216676621985,17.358278798277343,
1,67,0.5,14,51,16.467813609685702,17.644344562049014,
1,68,0.5,14,51,16.686163209701355,17.932553010626794,
1,69,0.5,14,51,16.92277940416243,18.193181274925752,
1,70,0.5,14,51,17.2324812941996,18.490802018039773,
1,71,0.5,14,51,17.469930876581934,18.764989849929474,
1,72,0.5,14,51,17.71979130748105,19.07605102901938,
1,73,0.5,14,51,17.968396034911052,19.40161593177281,
1,74,0.5,14,51,18.223297071318317,19.682412681619677,
1,75,0.5,14,51,18.450318330387763,19.93592001963035,
1,76,0.5,14,51,18.64150719728121,20.14095869912024,
1,77,0.5,14,51,18.858001279195637,20.412608091280564,
1,78,0.5,14,51,19.120791641661587,20.731839801935443,
1,79,0.5,14,51,19.349228035484526,20.975588616126547,
1,80,0.5,14,51,19.633418599200166,21.223927279129768,
1,81,0.5,14,51,19.878710560220117,21.444665779623303,
1,82,0.5,14,51,20.0945779288487,21.634905556866034,
1,83,0.5,14,51,20.307951676565043,21.91141624686426,
1,84,0.5,14,51,20.500526804710915,22.166833285448266,
1,85,0.5,14,51,20.779615083996514,22.486173258431883,
1,86,0.5,14,51,21.040452700803453,22.727790445990916,
1,87,0.5,14,51,21.271080184216782,23.03735820359517,
1,88,0.5,14,51,21.54485715892321,23.313780220226718,
1,89,0.5,14,51,21.786317601891987,23.601795761971278,
1,90,0.5,14,51,22.05698174371584,23.863324561343877,
1,91,0.5,14,51,22.31093807247401,24.164884677066965,
1,92,0.5,14,51,22.54075546114196,24.450722071628796,
1,93,0.5,14,51,22.798114638938568,24.710428108139975,
1,94,0.5,14,51,23.06764467761608,24.938804232938384,
1,95,0.5,14,51,23.34470047828675,25.178476813257017,
1,96,0.5,14,51,23.556533749000813,25.45951081957366,
1,97,0.5,14,51,23.835598335872564,25.762515049314725,
1,98,0.5,14,51,24.05632995060238,26.036971221908416,
1,99,0.5,14,51,24.31984852001627,26.294903446456132,
1,100,0.5,14,51,24.540399669464744,26.511573443658097,
2,0,0.5,13,52,0.0,0.0,
2,1,0.5,13,52,0.30521663794150716,0.2527519521804958,
2,2,0.5,13,52,0.5523180571886209,0.5198754393137421,
2,3,0.5,13,52,0.7679326314192553,0.7239108166442467,
2,4,0.5,13,52,1.035335372732236,0.9710169258599094,
2,5,0.5,13,52,1.2510712190889395,1.1710113581283044,
2,6,0.5,13,52,1.480429642762129,1.3708074633951313,
2,7,0.5,13,52,1.6096652261912825,1.557147388534503,
2,8,0.5,13,52,1.8462932161413705,1.8008520375604629,
2,9,0.5,13,52,2.053084731598695,2.0059451123913767,
2,10,0.5,13,52,2.2766251904078016,2.167261604022028,
2,11,0.5,13,52,2.459270484449389,2.378246481871638,
2,12,0.5,13,52,2.6304483399272724,2.6368368694046156,
2,13,0.5,13,52,2.791786069126847,2.860666478708197,
2,14,0.5,13,52,3.064833036170173,3.0699210194610247,
2,15,0.5,13,52,3.3835360131489165,3.3519793620518863,
2,16,0.5,13,52,3.603639358731035,3.6012088396986615,
2,17,0.5,13,52,3.8348056545099003,3.839100039104248,
2,18,0.5,13,52,4.059368959417901,4.01734424907742,
2,19,0.5,13,52,4.2230946774140765,4.222152511151565,
2,20,0.5,13,52,4.568926920288075,4.48986281363898,
2,21,0.5,13,52,4.798184039448507,4.71025723391794,
2,22,0.5,13,52,5.043150096047574,4.95753244361099,
2,23,0.5,13,52,5.258692802436268,5.193759353819086,
2,24,0.5,13,52,5.4291537445946,5.360657570858392,
2,25,0.5,13,52,5.68874264526157,5.601124453686494,
2,26,0.5,13,52,5.919503730368347,5.845382307380641,
2,27,0.5,13,52,6.135484914500744,6.052294373598902,
2,28,0.5,13,52,6.3314574064161535,6.298589580557912,
2,29,0.5,13,52,6.576922683895399,6.576724342226422,
2,30,0.5,13,52,6.780971984355113,6.78610614954995,
2,31,0.5,13,52,6.987629628544434,7.024512980721885,
2,32,0.5,13,52,7.303102286637593,7.286039150354929,
2,33,0.5,13,52,7.512819697110889,7.509110852115618,
2,34,0.5,13,52,7.798527157655321,7.7625358734329,
2,35,0.5,13,52,8.08175826245107,8.046552066204447,
2,36,0.5,13,52,8.373234888113654,8.326433576330114,
2,37,0.5,13,52,8.589281444600187,8.516019196593676,
2,38,0.5,13,52,8.8097050219822,8.745348724375521,
2,39,0.5,13,52,9.035894445764523,9.014790226421125,
2,40,0.5,13,52,9.224284580039482,9.208518658348035,
2,41,0.5,13,52,9.378260166460695,9.408111863473698,
2,42,0.5,13,52,9.671391802429198,9.657967726880763,
2,43,0.5,13,52,9.942521521224618,9.846523587407948,
2,44,0.5,13,52,10.182406745225382,10.087128637621493,
2,45,0.5,13,52,10.390786380440188,10.305565357302074,
2,46,0.5,13,52,10.619617178288696,10.526855638317214,
2,47,0.5,13,52,10.83639251562313,10.721845269040967,
2,48,0.5,13,52,11.098372927148088,10.981810633137922,
2,49,0.5,13,52,11.282019573490684,11.221795833448626,
2,50,0.5,13,52,11.454053729497948,11.456768817201159,
2,51,0.5,13,52,11.698784131301235,11.724356003587893,
2,52,0.5,13,52,11.950468798757841,11.964195470301108,
2,53,0.5,13,52,12.150379895297096,12.208957214846112,
2,54,0.5,13,52,12.365657940404251,12.435541964849707,
2,55,0.5,13,52,12.527382563424705,12.64293202264748,
2,56,0.5,13,52,12.712571267957966,12.85743491938154,
2,57,0.5,13,52,12.97343828970662,13.102445096288442,
2,58,0.5,13,52,13.162930172111077,13.357763550066867,
2,59,0.5,13,52,13.36888905088059,13.594594947617795,
2,60,0.5,13,52,13.6549718224539,13.857136726489944,
2,61,0.5,13,52,13.789272481625755,14.08359902550927,
2,62,0.5,13,52,13.989463408331936,14.366218931680095,
2,63,0.5,13,52,14.183762919026403,14.558764915389052,
2,64,0.5,13,52,14.428846074948805,14.814300752374958,
2,65,0.5,13,52,14.644741691040021,15.085745205639691,
2,66,0.5,13,52,14.87269795302254,15.355088260865484,
2,67,0.5,13,52,15.059592423456698,15.560486567236882,
2,68,0.5,13,52,15.322410344010077,15.831299803054064,
2,69,0.5,13,52,15.543169997061769,16.05911518159651,
2,70,0.5,13,52,15.830670298564321,16.302930983225984,
2,71,0.5,13,52,16.02254458609013,16.56237918148195,
2,72,0.5,13,52,16.19937868059541,16.76768847392146,
2,73,0.5,13,52,16.35637347773195,16.999300581272063,
2,74,0.5,13,52,16.461072352552453,17.271406738622847,
2,75,0.5,13,52,16.698593156216425,17.501523377890784,
2,76,0.5,13,52,16.89634338906274,17.72347579566446,
2,77,0.5,13,52,17.097565552726003,17.95461806166429,
2,78,0.5,13,52,17.30325188558453,18.170158705270264,
2,79,0.5,13,52,17.578012696137794,18.440244863875634,
2,80,0.5,13,52,17.83783299796856,18.692747422013035,
2,81,0.5,13,52,18.075958977639672,18.917426716364734,
2,82,0.5,13,52,18.33613249823833,19.175194193906087,
2,83,0.5,13,52,18.64539483246895,19.433583906167108,
2,84,0.5,13,52,18.75883111735949,19.657170959928063,
2,85,0.5,13,52,18.949310826491086,19.857274139558452,
2,86,0.5,13,52,19.24480658960648,20.073521362756928,
2,87,0.5,13,52,19.557331667114525,20.340254820630125,
2,88,0.5,13,52,19.762766353518536,20.585745154655,
2,89,0.5,13,52,19.968988381096953,20.79239318628328,
2,90,0.5,13,52,20.138678994430947,20.98389559586939,
2,91,0.5,13,52,20.392383633826213,21.19745949853389,
2,92,0.5,13,52,20.578431219134764,21.405933390579467,
2,93,0.5,13,52,20.837097880697975,21.604250689906742,
2,94,0.5,13,52,21.111674911619573,21.872731538625356,
2,95,0.5,13,52,21.313679379936403,22.11678694556866,
2,96,0.5,13,52,21.690938272790454,22.415025301738485,
2,97,0.5,13,52,21.890768302045764,22.65276345851341,
2,98,0.5,13,52,22.05564378120292,22.911553837178367,
2,99,0.5,13,52,22.303869667291067,23.145085192392056,
2,100,0.5,13,52,22.507486029642703,23.388335853945673,
3,0,0.5,12,53,0.0,0.0,
3,1,0.5,12,53,0.25042816549539565,0.23601542936181127,
3,2,0.5,12,53,0.5804280216495195,0.549579280727315,
3,3,0.5,12,53,0.8892806584636369,0.8579559980698352,
3,4,0.5,12,53,1.172663404047489,1.1165627593139433,
3,5,0.5,12,53,1.4648518060644466,1.420517215413868,
3,6,0.5,12,53,1.7033054674665136,1.6497084801489454,
3,7,0.5,12,53,1.963272377848625,1.8912379626357916,
3,8,0.5,12,53,2.2179289852579434,2.180676651135314,
3,9,0.5,12,53,2.4571408700197934,2.4051138219733676,
3,10,0.5,12,53,2.680228185156981,2.6093012356086107,
3,11,0.5,12,53,3.0287084713578216,2.9248093649522695,
3,12,0.5,12,53,3.295742192533281,3.1743899345217357,
3,13,0.5,12,53,3.6095978210369757,3.4401895923905896,
3,14,0.5,12,53,3.8779262897041114,3.665126945002836,
3,15,0.5,12,53,4.143157015409734,3.923406660744362,
3,16,0.5,12,53,4.3839494427459105,4.157238882980895,
3,17,0.5,12,53,4.6374630482738,4.400638498014456,
3,18,0.5,12,53,4.871228464741985,4.6031216335494936,
3,19,0.5,12,53,5.15613579357612,4.915200919925701,
3,20,0.5,12,53,5.395552979210495,5.184799914423613,
3,21,0.5,12,53,5.6358203500224695,5.428250939736952,
3,22,0.5,12,53,5.825985959330057,5.6672456762972265,
3,23,0.5,12,53,6.076596542481436,5.908277801695025,
3,24,0.5,12,53,6.249603233768397,6.1210792502084095,
3,25,0.5,12,53,6.432640452654514,6.328797073839925,
3,26,0.5,12,53,6.752719083731062,6.627831733588094,
3,27,0.5,12,53,6.993623482738621,6.911228309545804,
3,28,0.5,12,53,7.2292948517249895,7.119560092525775,
3,29,0.5,12,53,7.431224151755063,7.357958894466813,
3,30,0.5,12,53,7.624962467837354,7.580639035060647,
3,31,0.5,12,53,7.8316071325007615,7.830732687791963,
3,32,0.5,12,53,7.994891619736638,8.136310222199363,
3,33,0.5,12,53,8.17603489923446,8.370642544037162,
3,34,0.5,12,53,8.48680399831436,8.628564515695567,
3,35,0.5,12,53,8.737175313706716,8.886520998491918,
3,36,0.5,12,53,8.982427643894011,9.144479393815404,
3,37,0.5,12,53,9.18230109185032,9.411078600207441,
3,38,0.5,12,53,9.405579498609423,9.59406722218199,
3,39,0.5,12,53,9.657885116993244,9.865788851953422,
3,40,0.5,12,53,9.914355461746972,10.127925526163214,
3,41,0.5,12,53,10.153130541361557,10.395931114971974,
3,42,0.5,12,53,10.391285810777399,10.646667177469023,
3,43,0.5,12,53,10.670238473341385,10.886191854057676,
3,44,0.5,12,53,10.905207897383823,11.130187601630396,
3,45,0.5,12,53,11.145003698799862,11.43016766170115,
3,46,0.5,12,53,11.35152393288962,11.681890970567318,
3,47,0.5,12,53,11.539866107766928,11.952006953690432,
3,48,0.5,12,53,11.852457292152877,12.219745926750269,
3,49,0.5,12,53,12.202802493446505,12.517846645748357,
3,50,0.5,12,53,12.31958720769164,12.723484006429437,
3,51,0.5,12,53,12.554972146723108,13.001350681098268,
3,52,0.5,12,53,12.853748148123524,13.25148791195383,
3,53,0.5,12,53,13.088077386678194,13.492902834520923,
3,54,0.5,12,53,13.343672823163471,13.782621876871385,
3,55,0.5,12,53,13.624257108711431,14.041811284659602,
3,56,0.5,12,53,13.923739893909074,14.336122042245922,
3,57,0.5,12,53,14.194534400073138,14.597451124349936,
3,58,0.5,12,53,14.403913114767056,14.851725012169288,
3,59,0.5,12,53,14.61286327268592,15.050591603963273,
3,60,0.5,12,53,14.850950695003846,15.355315371611335,
3,61,0.5,12,53,15.04746976230785,15.621531478158731,
3,62,0.5,12,53,15.143634562327577,15.855505173101426,
3,63,0.5,12,53,15.333780194802094,16.098288194721366,
3,64,0.5,12,53,15.479547706272932,16.345044873927094,
3,65,0.5,12,53,15.792636172967725,16.59160715268928,
3,66,0.5,12,53,16.017868839485818,16.864564752786265,
3,67,0.5,12,53,16.226886898417785,17.0508725515223,
3,68,0.5,12,53,16.41140718576074,17.315089588842472,
3,69,0.5,12,53,16.598130750717175,17.53751529718841,
3,70,0.5,12,53,16.85039558243841,17.82160387118028,
3,71,0.5,12,53,17.0793318054839,18.091516754842758,
3,72,0.5,12,53,17.383496082655668,18.323754365668186,
3,73,0.5,12,53,17.600850382361397,18.59486718612066,
3,74,0.5,12,53,17.801617570902497,18.8193875960232,
3,75,0.5,12,53,18.065901909693995,19.096361150322643,
3,76,0.5,12,53,18.297101858878687,19.348722452004306,
3,77,0.5,12,53,18.599630239145196,19.60420479211123,
3,78,0.5,12,53,18.91258622940202,19.904883167362048,
3,79,0.5,12,53,19.1467683442741,20.157667840211797,
3,80,0.5,12,53,19.44158747881413,20.398089298394925,
3,81,0.5,12,53,19.72206717442153,20.637206083458604,
3,82,0.5,12,53,19.98010666672882,20.901389595783655,
3,83,0.5,12,53,20.25945104933982,21.154234562005488,
3,84,0.5,12,53,20.46366013211347,21.409072071708845,
3,85,0.5,12,53,20.79281067620484,21.661834684703663,
3,86,0.5,12,53,21.047584670403747,21.951420464084055,
3,87,0.5,12,53,21.24225525075325,22.19402932800363,
3,88,0.5,12,53,21.425759258630094,22.428609854082747,
3,89,0.5,12,53,21.553326030264447,22.651005874259234,
3,90,0.5,12,53,21.807830386769496,22.927830727689106,
3,91,0.5,12,53,21.98532084509463,23.143269083254975,
3,92,0.5,12,53,22.204795082255128,23.351615276008513,
3,93,0.5,12,53,22.370251320863645,23.603280817949553,
3,94,0.5,12,53,22.551398084386065,23.848582281412366,
3,95,0.5,12,53,22.839498836321198,24.118757145023185,
3,96,0.5,12,53,23.14926362097067,24.427188107241964,
3,97,0.5,12,53,23.361505334589364,24.65180762374731,
3,98,0.5,12,53,23.615269487443342,24.922963679831142,
3,99,0.5,12,53,23.841952489477464,25.1807281827868,
3,100,0.5,12,53,24.11876178659152,25.464047544916973,
4,0,0.5,13,52,0.0,0.0,
4,1,0.5,13,52,0.38429336123741586,0.27974050480585844,
4,2,0.5,13,52,0.7210671464984233,0.5344238388996858,
4,3,0.5,13,52,1.07691308340201,0.7804026878797095,
4,4,0.5,13,52,1.3090137874850858,1.0520125703169751,
4,5,0.5,13,52,1.612138075897327,1.264125892405327,
4,6,0.5,13,52,1.8801773684529157,1.4994326449357551,
4,7,0.5,13,52,2.1241062656044964,1.717323696105371,
4,8,0.5,13,52,2.40334725507941,1.9139843934842666,
4,9,0.5,13,52,2.695193135604645,2.1257391050190475,
4,10,0.5,13,52,2.957859766808077,2.3879665116928073,
4,11,0.5,13,52,3.218794574264774,2.593642256276207,
4,12,0.5,13,52,3.4725908418930596,2.7817172846370366,
4,13,0.5,13,52,3.7678437598672923,3.057346829309355,
4,14,0.5,13,52,4.002000738595201,3.2624123936150267,
4,15,0.5,13,52,4.372618991736671,3.5597952336427543,
4,16,0.5,13,52,4.602966533232713,3.790044005883215,
4,17,0.5,13,52,4.943507570899131,4.0539382984524135,
4,18,0.5,13,52,5.204184114041528,4.341311660276838,
4,19,0.5,13,52,5.420987772551985,4.591214230636561,
4,20,0.5,13,52,5.605998610703584,4.83863525363026,
4,21,0.5,13,52,5.838221913521827,5.083207801879707,
4,22,0.5,13,52,6.142448449918948,5.332341917083151,
4,23,0.5,13,52,6.4209479607371565,5.583767569411631,
4,24,0.5,13,52,6.71426553447327,5.787031349076368,
4,25,0.5,13,52,7.06100904305129,6.003501639673639,
4,26,0.5,13,52,7.300929911516972,6.23950632562952,
4,27,0.5,13,52,7.650457408584321,6.502587514261209,
4,28,0.5,13,52,7.907125701667206,6.753529981941115,
4,29,0.5,13,52,8.22567298231784,6.98146261026227,
4,30,0.5,13,52,8.510768651446424,7.189011498756494,
4,31,0.5,13,52,8.767353255792814,7.512458129101342,
4,32,0.5,13,52,9.015051192786377,7.8272441131133474,
4,33,0.5,13,52,9.291656852348705,8.039447519658388,
4,34,0.5,13,52,9.646675628886063,8.262868400063082,
4,35,0.5,13,52,9.961025601663152,8.45701398854919,
4,36,0.5,13,52,10.308339010897319,8.692257402778822,
4,37,0.5,13,52,10.558674806021545,8.916191863762991,
4,38,0.5,13,52,10.832877747843147,9.112662199092368,
4,39,0.5,13,52,11.078770183197715,9.385564913602337,
4,40,0.5,13,52,11.326950639509246,9.606391951339365,
4,41,0.5,13,52,11.619300909766256,9.811646979903912,
4,42,0.5,13,52,11.902781578027545,10.034390320177529,
4,43,0.5,13,52,12.249986170114083,10.361647465858194,
4,44,0.5,13,52,12.524977949040741,10.541209635538227,
4,45,0.5,13,52,12.79082003546055,10.766214192907153,
4,46,0.5,13,52,13.123235310594332,11.070598888039719,
4,47,0.5,13,52,13.375821343251175,11.289792887839143,
4,48,0.5,13,52,13.57457759523918,11.498891904776691,
4,49,0.5,13,52,13.89478630688414,11.65692169116054,
4,50,0.5,13,52,14.108625486101584,11.914894276145857,
4,51,0.5,13,52,14.391610362132914,12.193965235694785,
4,52,0.5,13,52,14.57843360033897,12.426795323551188,
4,53,0.5,13,52,14.842628779851376,12.705031192157533,
4,54,0.5,13,52,15.121128011045114,12.94358171449927,
4,55,0.5,13,52,15.350180599359211,13.131187652630869,
4,56,0.5,13,52,15.676541883272847,13.333626040305507,
4,57,0.5,13,52,15.990273247320518,13.645487284734697,
4,58,0.5,13,52,16.199683556535312,13.846870798884924,
4,59,0.5,13,52,16.389802331990087,14.061657842262138,
4,60,0.5,13,52,16.64497407005086,14.335257401275483,
4,61,0.5,13,52,17.008899084620055,14.565912714195703,
4,62,0.5,13,52,17.288959317606835,14.81916436996617,
4,63,0.5,13,52,17.491878176324636,15.049834540382355,
4,64,0.5,13,52,17.674033092662054,15.267517491189846,
4,65,0.5,13,52,17.920933309686543,15.460909645875745,
4,66,0.5,13,52,18.151968566124715,15.684545572347245,
4,67,0.5,13,52,18.416574842594397,15.942593159217985,
4,68,0.5,13,52,18.606358107187848,16.17499121585645,
4,69,0.5,13,52,18.888588181122294,16.422076113553857,
4,70,0.5,13,52,19.226137585233058,16.672238640411067,
4,71,0.5,13,52,19.449896867972026,16.88907626768401,
4,72,0.5,13,52,19.70447798402053,17.1546764127821,
4,73,0.5,13,52,20.070871253809614,17.41737835833644,
4,74,0.5,13,52,20.327729623686658,17.603687619280894,
4,75,0.5,13,52,20.57303052978323,17.86383638232717,
4,76,0.5,13,52,20.86802569492071,18.10474157639151,
4,77,0.5,13,52,21.152540023751648,18.34298870542691,
4,78,0.5,13,52,21.321811078310514,18.528092705802653,
4,79,0.5,13,52,21.604381754058586,18.73410444591595,
4,80,0.5,13,52,21.88432431159511,18.9931798642667,
4,81,0.5,13,52,22.163161781955264,19.27039073920674,
4,82,0.5,13,52,22.451308859544415,19.47141910043844,
4,83,0.5,13,52,22.72552011270096,19.725697042326626,
4,84,0.5,13,52,22.995007941984092,19.957902748677377,
4,85,0.5,13,52,23.351380592139815,20.189791059431677,
4,86,0.5,13,52,23.64137292365783,20.417318870471487,
4,87,0.5,13,52,24.031200100983696,20.719627458241398,
4,88,0.5,13,52,24.259082013565106,20.958624733874505,
4,89,0.5,13,52,24.463028280021327,21.18401357729456,
4,90,0.5,13,52,24.782970477778182,21.4440664235456,
4,91,0.5,13,52,25.02796463040802,21.7061842611987,
4,92,0.5,13,52,25.2523051447642,21.976760070394718,
4,93,0.5,13,52,25.49229452240432,22.162497363371305,
4,94,0.5,13,52,25.81715418581175,22.421116434190928,
4,95,0.5,13,52,26.124932782958773,22.658247523352887,
4,96,0.5,13,52,26.365351029930398,22.928588569881065,
4,97,0.5,13,52,26.68291759074935,23.197017680799686,
4,98,0.5,13,52,27.00247436908654,23.46295476633679,
4,99,0.5,13,52,27.327352500869452,23.715875020373964,
4,100,0.5,13,52,27.67579898124657,24.021001515229614,
5,0,0.5,16,49,0.0,0.0,
5,1,0.5,16,49,0.22197184041142465,0.23835059732806912,
5,2,0.5,16,49,0.44318216089159246,0.5318736559274246,
5,3,0.5,16,49,0.673922456242144,0.8849526009997544,
5,4,0.5,16,49,0.966331029869616,1.196109946406617,
5,5,0.5,16,49,1.253329467959702,1.5038519033363884,
5,6,0.5,16,49,1.5059767821803687,1.7774863164035652,
5,7,0.5,16,49,1.7846832530573007,2.0593586988595063,
5,8,0.5,16,49,2.014423284120858,2.325930306011317,
5,9,0.5,16,49,2.3114108887190623,2.5902235708471864,
5,10,0.5,16,49,2.5574232028176387,2.767324843711887,
5,11,0.5,16,49,2.842356658851107,3.0786394810605606,
5,12,0.5,16,49,3.101339256515106,3.3490447749623513,
5,13,0.5,16,49,3.322630862569592,3.613404964161219,
5,14,0.5,16,49,3.6256805580613825,3.933815686904468,
5,15,0.5,16,49,3.962746787245851,4.248452464602799,
5,16,0.5,16,49,4.164445246620259,4.519480147336856,
5,17,0.5,16,49,4.35185568331508,4.788664442452507,
5,18,0.5,16,49,4.566307593404782,5.021976901181622,
5,19,0.5,16,49,4.788620788623424,5.283638652492831,
5,20,0.5,16,49,4.972941458756882,5.551416318960743,
5,21,0.5,16,49,5.2433763380201235,5.893963695671477,
5,22,0.5,16,49,5.4915493677525475,6.234293343928316,
5,23,0.5,16,49,5.755876963678747,6.45479910522804,
5,24,0.5,16,49,6.008068199300519,6.749409975721003,
5,25,0.5,16,49,6.244325403807065,7.031457273575023,
5,26,0.5,16,49,6.504911596328021,7.338464470957085,
5,27,0.5,16,49,6.777005978332213,7.633355395531036,
5,28,0.5,16,49,7.0487644474643,7.932945630717105,
5,29,0.5,16,49,7.233597799838755,8.182615735210481,
5,30,0.5,16,49,7.482300035265508,8.531797119121459,
5,31,0.5,16,49,7.786992309671284,8.791361861545,
5,32,0.5,16,49,8.011759606122117,9.019031335207439,
5,33,0.5,16,49,8.225441987092685,9.249609120415297,
5,34,0.5,16,49,8.377990891297426,9.522762589005602,
5,35,0.5,16,49,8.5513314729343,9.767565386324659,
5,36,0.5,16,49,8.806442792009332,10.04291426026464,
5,37,0.5,16,49,9.03898210808984,10.31995258802526,
5,38,0.5,16,49,9.167195431292447,10.557436786178368,
5,39,0.5,16,49,9.439547645353013,10.895032691415935,
5,40,0.5,16,49,9.678127305339634,11.16243153390726,
5,41,0.5,16,49,9.951032794878119,11.43216378004275,
5,42,0.5,16,49,10.118688310207412,11.680434563359176,
5,43,0.5,16,49,10.328187450236875,11.96447157069088,
5,44,0.5,16,49,10.603341994898317,12.21639967681429,
5,45,0.5,16,49,10.836286575950604,12.524092718991104,
5,46,0.5,16,49,11.09716878705464,12.844838163889298,
5,47,0.5,16,49,11.417431081689818,13.17706046292757,
5,48,0.5,16,49,11.709340122014206,13.50193985513845,
5,49,0.5,16,49,11.93696096497394,13.764208064654506,
5,50,0.5,16,49,12.148318062647014,14.099794315983166,
5,51,0.5,16,49,12.344994473909418,14.41363446369594,
5,52,0.5,16,49,12.523888999274137,14.683600392636679,
5,53,0.5,16,49,12.77936848701198,14.95558957136224,
5,54,0.5,16,49,13.06264498551736,15.274407618538811,
5,55,0.5,16,49,13.344792980936,15.517817817598194,
5,56,0.5,16,49,13.515426131666912,15.774965274047885,
5,57,0.5,16,49,13.687884457467623,16.052003544747258,
5,58,0.5,16,49,13.974742183273879,16.314938927698634,
5,59,0.5,16,49,14.23828771027787,16.61408653374578,
5,60,0.5,16,49,14.536629056339265,16.9150857083091,
5,61,0.5,16,49,14.751481664725068,17.206138770222772,
5,62,0.5,16,49,15.006975163289866,17.523191699698653,
5,63,0.5,16,49,15.227108718081222,17.78417654081641,
5,64,0.5,16,49,15.421116728040417,18.033333807497275,
5,65,0.5,16,49,15.621624324273455,18.308283251260576,
5,66,0.5,16,49,15.913673583388013,18.579023032017854,
5,67,0.5,16,49,16.08618989904859,18.838186668627507,
5,68,0.5,16,49,16.332680445616504,19.158060192431762,
5,69,0.5,16,49,16.557272075492577,19.479529848251964,
5,70,0.5,16,49,16.87753809781061,19.802742667046903,
5,71,0.5,16,49,17.09037793435445,20.07749191692735,
5,72,0.5,16,49,17.380592014000722,20.383290826241048,
5,73,0.5,16,49,17.714531533435387,20.66688074904944,
5,74,0.5,16,49,18.006205118992995,20.964403634921897,
5,75,0.5,16,49,18.25686514208714,21.238880478360052,
5,76,0.5,16,49,18.443764425240456,21.52228233510711,
5,77,0.5,16,49,18.78603028600097,21.82329047372133,
5,78,0.5,16,49,19.06145072896565,22.12420200053086,
5,79,0.5,16,49,19.28517497818665,22.41497109179441,
5,80,0.5,16,49,19.57095278152988,22.669979096865156,
5,81,0.5,16,49,19.714053928395682,22.970069522108062,
5,82,0.5,16,49,19.937627813211993,23.15870213754745,
5,83,0.5,16,49,20.215793677719923,23.344007807453274,
5,84,0.5,16,49,20.555121610866244,23.624563721231866,
5,85,0.5,16,49,20.759743091393375,23.892518469001363,
5,86,0.5,16,49,21.01851889963599,24.212931582470265,
5,87,0.5,16,49,21.28735933823469,24.467419855083016,
5,88,0.5,16,49,21.496527827557586,24.730408319632264,
5,89,0.5,16,49,21.754066604612348,24.97673285313882,
5,90,0.5,16,49,21.947980439639093,25.25855732208745,
5,91,0.5,16,49,22.185258277583525,25.54751221793322,
5,92,0.5,16,49,22.385624163563737,25.791369665120463,
5,93,0.5,16,49,22.655754447975408,26.03665801331854,
5,94,0.5,16,49,22.97816703727735,26.369810741299137,
5,95,0.5,16,49,23.25871249267527,26.66487277868637,
5,96,0.5,16,49,23.40431890673475,26.970839135181524,
5,97,0.5,16,49,23.604798613891493,27.198651253389876,
5,98,0.5,16,49,23.905435729091568,27.506276448277546,
5,99,0.5,16,49,24.197343174549754,27.785991383025962,
5,100,0.5,16,49,24.459385449960937,28.108531998997737,
